126.431216752423907 37.829869208795252
126.433080738590789 37.829583103704771
126.433784538047831 37.829565088200965
126.435529358694509 37.829163481491726
126.4357937783371 37.828956298972237
126.436319340786554 37.82883865171199
126.436606545577163 37.828884018196824
126.436735313615671 37.829117520242647
126.437037362522531 37.828949810804311
126.437265201074908 37.828961334935599
126.437133817715747 37.828351852746422
126.437504519129803 37.826755647920024
126.438278764892203 37.825726544678098
126.439060904776909 37.825753339196282
126.438922696107113 37.824865127336381
126.438689892568121 37.824749715562305
126.438661077974999 37.824622756009013
126.438985056220318 37.82444249665982
126.439434153531039 37.82391062536437
126.439528934831486 37.823999501290601
126.439956465561778 37.823850730335423
126.441299565087846 37.822349645705359
126.44133178413918 37.822164027649386
126.441593188656 37.821995518949144
126.441611772912978 37.821246760160548
126.441241782138334 37.820999169190294
126.441013519482524 37.820667059638964
126.441904776530862 37.821312768967523
126.442114820942365 37.821867800410459
126.442780510538384 37.821576650514295
126.443433883249838 37.821603320608446
126.443703576480857 37.821850595574197
126.444079241016013 37.821971982159624
126.444425006966625 37.821714757066573
126.444513422077492 37.821117551659889
126.444868828644474 37.821211624773895
126.444569854863531 37.820558224194393
126.444725315071295 37.819735487386772
126.444641403408681 37.819288609425946
126.445134048326167 37.818916953042091
126.445707943946047 37.818211048675131
126.445770590854622 37.817960939211737
126.445523469044915 37.817803360814388
126.445758220589795 37.817890009531538
126.446107122767728 37.817762101242721
126.447735105624886 37.815969852860754
126.448020981912876 37.815290496993015
126.448225075931333 37.815385043391558
126.450849976314331 37.812507109624036
126.4507545222217 37.812296454677977
126.450010946110808 37.81207354636355
126.449701786105081 37.812166555607263
126.44975529051473 37.812291254429788
126.449550326919137 37.81242425650214
126.448890286516985 37.812703514546669
126.448166975496932 37.812284937966936
126.447215288848355 37.812242557329398
126.446915431114903 37.811699526575879
126.447781826226503 37.811930212974907
126.448475576284565 37.811933171863409
126.448994190250332 37.812249473390096
126.449402316684001 37.811926098140368
126.450454420831917 37.811795263572066
126.450712509306328 37.811605979492157
126.450979074216221 37.811078479872975
126.450922987287072 37.811322857521816
126.451935951457955 37.811417546421886
126.455649981803575 37.808525918498383
126.460430983241139 37.805562867267795
126.467639552278555 37.802172025760221
126.467690932078796 37.801978718073769
126.467850681354903 37.801893621716637
126.467950301551241 37.801979147621182
126.468193398336282 37.801899476679452
126.468301369200461 37.80204017721563
126.468528138130551 37.802028890785536
126.468569038104093 37.801917008442295
126.46837748591436 37.801749683227605
126.470554241544846 37.799948646135945
126.472759241890429 37.798336602433302
126.476733071646038 37.795967050280282
126.47685490400734 37.795683815170612
126.479029194482663 37.794280442396385
126.479261651723974 37.794436514418258
126.483399307157299 37.7919130341513
126.488993727806232 37.788772783539628
126.497540725674909 37.786129885855921
126.497736385763687 37.785644929712419
126.498009701724868 37.785615814872145
126.498035466864522 37.785413310835096
126.498309264475026 37.785446371155992
126.498753011748676 37.785312744438258
126.498732037867569 37.785130587965121
126.499194012956522 37.785783347951629
126.499729328243149 37.785934115483713
126.500123928221498 37.78588361306111
126.500365333729221 37.785611861884448
126.500688270949766 37.785635258107369
126.503566235345005 37.784169216842102
126.503696647317426 37.784247261849025
126.504308369581693 37.783992242814101
126.504257422756353 37.783820391599434
126.505124929234924 37.783477317945746
126.505903407315827 37.782983262519295
126.505997889788603 37.782891854191277
126.505880812998612 37.782824499059686
126.506234207221723 37.782703712625107
126.50631908628452 37.782805512616562
126.50689739768417 37.782347749659202
126.507462680412019 37.781386252402392
126.507129939686678 37.781225532134094
126.507015338107323 37.781481699716537
126.507349204978397 37.780649796365779
126.507810304880906 37.779889047714363
126.507204495142602 37.781021095388539
126.507507879015137 37.781100144756664
126.508252855318247 37.779676274822293
126.508152621141775 37.779451670553954
126.508310444993668 37.778957756462951
126.508323264424973 37.778201459444077
126.508036941160668 37.777627986428605
126.508290380224082 37.7769000685078
126.508118535145499 37.776705467387032
126.508013229755448 37.776171290096542
126.508961757348445 37.774051607155855
126.508484071016028 37.773946800688201
126.508678379534345 37.773697781265859
126.509815814744059 37.773588942749882
126.510462022576121 37.772767942645295
126.511153628575656 37.772316693243411
126.511379949893183 37.771902597810893
126.511858315037557 37.771656973477306
126.512108660909718 37.771244468728419
126.512471767553635 37.771180815981481
126.512551787350432 37.770961270459757
126.512339100871415 37.770492956939357
126.512987337110033 37.770564137859573
126.513028847523884 37.770410676560921
126.512393520244032 37.770150229207118
126.511854544780306 37.770099978136464
126.511495499627856 37.769841610014851
126.511633130768487 37.769453198387488
126.511586603439596 37.768866796419331
126.511123767551098 37.767759588786703
126.510946157706854 37.76754538426303
126.510248941652023 37.767266872186369
126.510500527282332 37.766476263744927
126.510522047277888 37.764824044430661
126.510682129604589 37.764337249556007
126.510906669925475 37.764098819313467
126.511307095004526 37.762746965692536
126.513343024313642 37.760078724128945
126.514071948468583 37.758573591376617
126.514647531826185 37.757866538707958
126.515436673219625 37.757383833837508
126.516415339519739 37.756348056580379
126.517356424691954 37.7555912405928
126.517871476068876 37.754747617321144
126.517896607286673 37.754176443169726
126.518052401688294 37.753796169431631
126.519622607916148 37.752323651082349
126.519877571560869 37.751920917420613
126.51986103068181 37.751632123984749
126.520669833032755 37.750719050196182
126.522184208577414 37.749680758607674
126.523915206683711 37.74818219136629
126.525039384767055 37.74766622768643
126.525434350964417 37.747793942583499
126.525563345195067 37.748159961843683
126.525834709859907 37.748178912509452
126.526421201328432 37.747615395416936
126.526483557580619 37.747326254752132
126.525973550590621 37.746364241840162
126.526053374844551 37.745870952539192
126.525539399845528 37.745530133080734
126.525077077039043 37.744954476043191
126.524369179951108 37.742335744990669
126.524191434382971 37.741901433990755
126.523941789501052 37.741889901439954
126.52454239770293 37.741608909484292
126.524863069657741 37.741189535358529
126.524753484197745 37.740749837761165
126.525074588470176 37.740171220919272
126.524852621746675 37.739737074942482
126.523937134880185 37.738864377391529
126.522786298102204 37.738157813590902
126.521927145232624 37.737340561023863
126.520101223340816 37.735274029483023
126.520032175702227 37.734880017553145
126.519684746747046 37.734523843406201
126.519606647631647 37.734560412907186
126.518626467613544 37.733283322266473
126.517935847190344 37.732549897856195
126.517520239258758 37.732520828569946
126.517750493848084 37.732179634406933
126.51765621840137 37.731979894532927
126.517770555769204 37.731918632592134
126.517548054058395 37.731639670731724
126.517453717796016 37.731696926177129
126.517338638340377 37.731606893420008
126.517053669475175 37.73117738885572
126.516846272233707 37.731211610143845
126.516736749715193 37.731004142608057
126.516850544173337 37.730931700926128
126.514979338110876 37.727979292975036
126.514133157716827 37.726335749217448
126.513721620533673 37.725034509294233
126.513913684487548 37.724938740732597
126.513560581342077 37.723310719191915
126.513925305688446 37.723285412206465
126.513919822438879 37.723205593301216
126.513506985582197 37.723220779850521
126.513555851447464 37.720314785869654
126.513088599277708 37.719385845680051
126.512853175924079 37.719173154404395
126.512566229766733 37.719108387647204
126.512493085350712 37.719174578342063
126.51247452403689 37.719093120268091
126.512640284591882 37.719033007674234
126.512520759803607 37.718947507029128
126.512860770309274 37.718849598423255
126.512719817182173 37.718078719317127
126.512731056271008 37.71712132617926
126.51266951946792 37.717026998161735
126.512205968202878 37.71702109512394
126.512547009873998 37.716825973713831
126.512570914483845 37.715449318080061
126.512712958307588 37.714650729499695
126.513184017410268 37.714510333930463
126.513560631065474 37.713019685635281
126.514339808882255 37.711127812794707
126.51500522742667 37.709921029375707
126.514580456972965 37.709826058107659
126.514215372512894 37.709971843195952
126.514408923730443 37.709522827320086
126.514532479143938 37.709394508186683
126.514781673389422 37.709412528583456
126.515006154666168 37.709119402238485
126.515006794377669 37.709360845326565
126.515351229113875 37.709439166771553
126.517121363302351 37.70753470246288
126.516976043152965 37.707160521643992
126.517191081804242 37.706878203533975
126.517509765756316 37.707197813067154
126.517879468736894 37.706817106647193
126.519567723296618 37.705708650998162
126.519683829428573 37.705939722355417
126.519871641304007 37.70596270145694
126.520128252872382 37.705777016711465
126.520715982213034 37.705753160981139
126.520551635840661 37.705310337327994
126.520899977886117 37.704970919825193
126.522524016145837 37.703638704584215
126.524813226261713 37.702419029291228
126.52535283823255 37.701883273010765
126.524506565711619 37.701678732246577
126.523892864112867 37.701265770480042
126.523647628373396 37.700954864489873
126.523774189782117 37.700830630491438
126.523661731874597 37.700633576767387
126.522819748175863 37.700715978332916
126.522652404199988 37.700636677295442
126.523007259276142 37.700476524831132
126.523030586743999 37.700322712545905
126.521602836389363 37.698300125833072
126.520900603385456 37.696445780206247
126.520150295642523 37.69337176444381
126.520012456281805 37.691434166325365
126.520144738224758 37.690963108633127
126.520038334239644 37.690715337439308
126.519809020227484 37.690759945950823
126.519671261517814 37.690682765841359
126.519642507169593 37.690274094623291
126.519876525846882 37.690240922517589
126.519208504291683 37.689256280642681
126.519082355278101 37.688831226349969
126.519194797528115 37.688814290605862
126.518923829057485 37.688320812207515
126.519364209711469 37.688767759236661
126.519430438400121 37.689299100576505
126.519726297852785 37.689746382864804
126.519988873122173 37.689612239589138
126.519939469844033 37.689320754650694
126.518973022300059 37.687276305249569
126.518780778559432 37.687320586624466
126.518780360500401 37.687731058731764
126.518747960470847 37.687384919027927
126.518960485112544 37.684356780084066
126.519033018358314 37.684114422372978
126.519294536660126 37.683902621507102
126.519116987288953 37.683398691671179
126.518686214069376 37.683222728674799
126.518721691023714 37.683059647960519
126.519267044033043 37.68306915001768
126.519377543129139 37.683290877841223
126.51942902047378 37.683228242496916
126.519817695267747 37.683355740315704
126.519809205627212 37.683220950797455
126.520038940212359 37.683189322582571
126.520033973012403 37.68261326086995
126.519628384846371 37.681939827042655
126.519341283783362 37.681810300877153
126.519403120050285 37.681701297497739
126.519017536246139 37.681680972099876
126.518400736137551 37.681372181733067
126.518385467596588 37.681184982445693
126.517532435065675 37.679813450462547
126.51741264799675 37.679886306299352
126.517375752043819 37.679825197717818
126.517123333336826 37.679105145900323
126.516745346443059 37.678905199429245
126.516978836082103 37.678339644401632
126.516877359305838 37.677866859586352
126.51712763821142 37.67778174986978
126.517098105817297 37.675566228500934
126.517351305160091 37.67389392457526
126.517178506384866 37.673906113304376
126.517190212067149 37.673697474652947
126.517035074994141 37.673700280847882
126.517220542225431 37.67351353376587
126.518687833734106 37.670283165529504
126.518828060354494 37.670315972591283
126.521006586125338 37.667967201625366
126.522825960284706 37.666737642672302
126.522801736849075 37.666381995080265
126.523269018762662 37.666519298075187
126.524750483919064 37.665845513497203
126.526430933677943 37.665270542629607
126.526511663645238 37.665188915957927
126.526315342378766 37.664049189219838
126.526597727907969 37.66374690493501
126.526998868331347 37.663841429985112
126.527082303843329 37.664609348832684
126.527311073697334 37.665034915483005
126.528686577361142 37.66521975048196
126.528483775778369 37.664965269495035
126.52877428008081 37.665194064386831
126.528781267004263 37.665394067240456
126.529038375932046 37.665529322706931
126.529530998374824 37.665286706225736
126.529890437784843 37.665419479579398
126.53027731854084 37.665395350585243
126.530281411376734 37.665248444839143
126.530677507599322 37.664799860512346
126.531924663610639 37.664490315804983
126.531919584436096 37.664192367289161
126.532249041232078 37.663949009218136
126.532544097591199 37.662442572179721
126.532682058712993 37.662344223554854
126.532464668990855 37.661779280992107
126.532523076646953 37.660997746493706
126.533054889725108 37.660604440000199
126.532991756428146 37.660387595577774
126.532812152791649 37.660383085537752
126.532416291389623 37.660808207600027
126.531860724439838 37.660594065498714
126.531567676791937 37.660751036439649
126.530873649949001 37.660768454554599
126.529774631683381 37.660287018003054
126.529466332977805 37.660055025427219
126.528331974538389 37.659923860551643
126.527522555469076 37.659541625110329
126.526589412401165 37.659353143219299
126.525686499759459 37.659820646462371
126.524832916225066 37.660046847480274
126.526049741903549 37.659604549979392
126.525489802328565 37.65901480339236
126.525513211214871 37.659099282701966
126.524816858868235 37.658945865127116
126.524669580702593 37.658290811720335
126.52317800726037 37.656721050689093
126.522884768624564 37.656261194857024
126.522776766750695 37.655550850790888
126.522393411562888 37.654488894350123
126.52266309225368 37.653228196223672
126.52261381679925 37.652694857959425
126.522175530688685 37.652584950285814
126.522436244962989 37.652394340020116
126.52212113160688 37.652282334344036
126.52259060705731 37.651985700805021
126.522512693007855 37.651887551479248
126.52364007597707 37.650902926555965
126.523851497941052 37.650207002837618
126.524454863623248 37.650295472778225
126.525180994172572 37.649546886200525
126.525606308039968 37.649409018872667
126.525958607952177 37.649468368531039
126.526119479958922 37.649284936277802
126.526011115395548 37.648986025069995
126.526282120976404 37.648288082030668
126.526001737651825 37.647776365423923
126.526598211968903 37.647824235493609
126.526801344539365 37.647496305807785
126.526569836032266 37.647187125256146
126.525947043215766 37.646868256054553
126.525596776814638 37.646414824153702
126.525139900138271 37.64616582702628
126.523066700517859 37.64634865853224
126.522016279112449 37.646608657824707
126.521159106432293 37.64642581972538
126.521122789947739 37.646213843788502
126.521240128428076 37.646218000850673
126.521478820407182 37.645954938974143
126.521661701734999 37.645566958056754
126.521621684789153 37.645914374353168
126.521938350520401 37.645972896901931
126.522175036472888 37.646215174633326
126.522272927103558 37.646178614085734
126.522972242037824 37.645596183983585
126.523097930625383 37.645357996305634
126.524548798692265 37.645587504146285
126.525333678539852 37.645589984516143
126.525928965263077 37.645793985776528
126.526076434869225 37.644799926182273
126.52634036917857 37.644065493958038
126.529093617284715 37.637955321552774
126.529500409049703 37.637328504441285
126.529931190616054 37.637514544304402
126.531017947913085 37.636002442822843
126.531240706781134 37.636123748455695
126.531397764495026 37.635956468223391
126.531989126964959 37.636310633868369
126.532099428980104 37.636191023440858
126.531500762223558 37.635848483000146
126.531844849884948 37.635477570657606
126.531494243373459 37.635277533418829
126.531702734707693 37.634574652429883
126.531548616532078 37.63422557880795
126.53171071085896 37.633032350314117
126.532436304088506 37.632786199668395
126.532543528418003 37.632587858095341
126.532424429928298 37.632447724917647
126.53298895627178 37.631933342878817
126.533989823543294 37.62962379773117
126.534135313919634 37.628741328046566
126.535871193342814 37.62985522029058
126.536679498427176 37.629019571896713
126.534142435874188 37.627425519076418
126.534192948793375 37.624802837169263
126.535176160835888 37.624799678044504
126.535245650893586 37.622101017228893
126.535364425862937 37.621962651336482
126.537143192742917 37.622256362797401
126.537135984663522 37.623953769607638
126.537615353873036 37.624529117016543
126.537739065380421 37.624491425369733
126.537638644106863 37.624865935476848
126.537897867915603 37.625124989188244
126.538319379842832 37.62475491979842
126.539504313878055 37.625622765278152
126.539594860294557 37.625539835102835
126.53886469132361 37.625045716400308
126.539616780263941 37.624372334735085
126.539441408517249 37.623915349131835
126.54011788330547 37.623812898567664
126.540005904370418 37.624036887281157
126.540116349822355 37.624227080964467
126.542306609253416 37.621465684892563
126.542949535297595 37.619767208223166
126.5435876388227 37.619053226651559
126.543314670763138 37.618909070878097
126.543013783475359 37.618147062930909
126.542745014309446 37.617809209181665
126.54164339167734 37.617688202631257
126.541360150637303 37.617967987612516
126.541162931906896 37.617981437128471
126.539513104204246 37.61773922518401
126.538562173453712 37.618175407615141
126.535443516935842 37.617651963566267
126.535612238215421 37.616209644605789
126.53531734118441 37.616124377847271
126.535282278200754 37.614143190270312
126.535094369409393 37.614035924024165
126.534406987929643 37.613983965333574
126.534102119218076 37.614369481383662
126.524520876048086 37.612165186517153
126.52009023241925 37.610958064643846
126.520815096385206 37.610072671484829
126.519975943669266 37.609070605537539
126.520418769617933 37.608557452452267
126.521045133434853 37.608511924336106
126.521515139145933 37.608308530640016
126.521335596275961 37.607905158351031
126.520450199767168 37.607798864636628
126.519812888533124 37.606955566642412
126.516733695154628 37.605137096622421
126.516472016713166 37.605118241609262
126.515449042365503 37.60554867026169
126.515295403918259 37.605230793797432
126.515668857303837 37.604234127922332
126.515446771723148 37.603267433993423
126.51517205131708 37.603027352740718
126.515415516179218 37.60242270265698
126.515117074479647 37.60123754685727
126.514782426934019 37.600794715328696
126.51394044067149 37.600905353549159
126.513910755620529 37.600709961407901
126.514300879078618 37.600800805135179
126.514681014569632 37.600733755319837
126.514891568919268 37.600390128477613
126.514415246208387 37.599849398244551
126.513344070599487 37.599282411491565
126.513200798193907 37.599467879919459
126.512705209628109 37.599562868027093
126.511752406949498 37.598285294424016
126.511730656158647 37.597906007513593
126.510972165977947 37.597272886518184
126.510999804877855 37.596950497077039
126.510869111003942 37.596955915579592
126.510499603082252 37.596563665332276
126.510188893343027 37.596581371881129
126.50958351001087 37.596895197854892
126.509394945380166 37.596667865041134
126.509102356485045 37.596572350458594
126.508502543086195 37.59668822171156
126.507752085203677 37.596663455478534
126.506892308274715 37.596912489603596
126.506050926777874 37.596829750715457
126.505017861625504 37.59642477260973
126.504335800485165 37.596375869719402
126.502802973317031 37.596669672920498
126.502220574567673 37.597171781527457
126.500922261318536 37.597481593237347
126.500818034524556 37.597952785189236
126.500677699624092 37.597816582468212
126.50048135214314 37.597957721528068
126.500517323070838 37.598078861142959
126.500166229163497 37.59774272370629
126.499984294175277 37.59776785394525
126.499388891132583 37.598151764807724
126.498771805441308 37.598312978945906
126.498641665957607 37.59847778273118
126.497350016562649 37.59831738943673
126.497035752787156 37.598044523417734
126.495959494351666 37.598197514888504
126.495912996749439 37.597361787745506
126.495779610504073 37.597363525297993
126.495718245041644 37.596720311565598
126.495435539932359 37.596279126761836
126.49565355576982 37.596726743556133
126.495700324961405 37.597364555900633
126.495308997521391 37.597394940612659
126.495347041362265 37.598619001823849
126.495460354184331 37.598571705447092
126.495583853882607 37.598674490840487
126.49447820945305 37.599015469205227
126.4942289159316 37.599378235290807
126.493546028907446 37.599421916330783
126.493387728611566 37.599323345781862
126.492648650868304 37.599591690036235
126.491835121125874 37.600064219326946
126.491799586026872 37.600271703184035
126.491649816111874 37.600366440692412
126.491435892816241 37.600140900768999
126.490616225183715 37.600296018693477
126.490326726184534 37.60010231193457
126.489590050954078 37.600131510584042
126.489478357486234 37.600463646049832
126.489017804522291 37.600546300737733
126.488655529622875 37.600494088490997
126.487157913994309 37.601182218842396
126.486079993123681 37.60197757879898
126.486017403036769 37.602157041665158
126.484888029879812 37.602425270635315
126.48425382717781 37.602727054513373
126.483640783746182 37.603258118653478
126.483575176222914 37.603527444030064
126.483689958078941 37.603845875482818
126.483413791201798 37.604043201831857
126.482507217179474 37.604413108590698
126.482396889105971 37.604282142707653
126.481937785961563 37.604377986270052
126.48157292500791 37.604617494259045
126.481587704751504 37.604700907725046
126.48107028757255 37.604909332463421
126.480736938156312 37.604960562256863
126.480236979829925 37.604606009461278
126.479567633434854 37.605422124160768
126.47905716983594 37.604990591703356
126.479332302468578 37.604778852017084
126.478525365031459 37.604110730096444
126.478258079822069 37.604315036039019
126.477145510146798 37.603321174041483
126.478607492223659 37.599825056890303
126.478547955029498 37.599401679985661
126.478298258528483 37.599030759173701
126.47794576714638 37.598843721604467
126.467145306074983 37.595832284213664
126.465894461156878 37.595648998260458
126.464186636218386 37.595981364229637
126.4632008241622 37.595313867078367
126.462922701643919 37.594803975493079
126.462234063320054 37.594157885443671
126.462835530778165 37.593734120218024
126.462649887200271 37.59352892048453
126.463259487522649 37.593419671418609
126.463158121200365 37.593109037954079
126.463259901637073 37.593046844595122
126.46296136421131 37.593021364378366
126.462964804517085 37.59279729902579
126.462481374946634 37.59244685981129
126.462347742099823 37.592085690084893
126.462479020681997 37.591673735776013
126.462917203608299 37.59165385452917
126.462882581788733 37.591313770036706
126.462680874873499 37.591080645224601
126.462987516843185 37.590945069311999
126.462474450639661 37.590350246750063
126.462380045816516 37.589671051300591
126.462869987585009 37.589483426324911
126.462787387652028 37.589342401779746
126.462235264829062 37.589649048100434
126.462357926264616 37.589773995178042
126.462424917646672 37.590397588184437
126.462265788329276 37.590627999120009
126.462169213522614 37.589704869771239
126.461614084008815 37.589234221731843
126.461358358468559 37.589990562149431
126.461192766455056 37.590251664012364
126.461049398209838 37.590237487087798
126.461131675094421 37.590465869884731
126.46074620332638 37.591272114359903
126.460186962447438 37.591757210602729
126.458051178805235 37.592536884227449
126.456614343043242 37.5932547798866
126.456375805089408 37.593261057489663
126.456157204550536 37.593557579854611
126.455759499238354 37.593707775217936
126.455648173439755 37.593608742533853
126.45512607291397 37.593677768509714
126.455085431751158 37.593782048493182
126.454687865153574 37.593779661676926
126.454066506150994 37.593520598090812
126.453282011729243 37.59380768473234
126.452593415011336 37.593825391763914
126.451957329553679 37.593254929538617
126.450808113965238 37.593140355453961
126.45007194640506 37.593262014997251
126.449261758486031 37.593750663805551
126.447029567344998 37.594598267414867
126.446849484445423 37.594484091068466
126.446251587914091 37.594566148090813
126.446053400544415 37.594134213270181
126.443408399678106 37.594267622656432
126.443475613872849 37.5952357924902
126.443233401970716 37.594957513084125
126.442448649937447 37.594914696874689
126.442793947312637 37.594061327320233
126.442661182878737 37.59381576413066
126.439733244422271 37.59314747751079
126.438976566914548 37.59225565670971
126.437748867951811 37.59274399599947
126.436829831449273 37.592522855686568
126.436339917244609 37.592784494281744
126.414345178266913 37.593585406519196
126.411965311512972 37.594382407760584
126.411783249800436 37.594140847201402
126.411674416901405 37.59311210285383
126.411560045891648 37.593109821416903
126.41174165324324 37.59414720363511
126.4116348292455 37.594175551679548
126.411346929640459 37.593923154016196
126.410515705456305 37.593793233289425
126.409989036522902 37.593886791385877
126.409166523729496 37.594452999976085
126.408200706848504 37.59429142303042
126.407660432460077 37.594488010550705
126.407407910430365 37.594705789067902
126.406898012713583 37.594531827473524
126.406812007506218 37.594403126853926
126.405536023209578 37.594007803052421
126.404610514846013 37.594005823019714
126.403168029997929 37.594282654442054
126.3990187580971 37.596534280994689
126.398779815829684 37.596555424336891
126.398427971009326 37.596866646963356
126.395727129678207 37.598401699496094
126.393332999206507 37.601045904990372
126.389639516264168 37.60209668185837
126.387813457491845 37.60317350423778
126.386718261365175 37.604036603034466
126.385861564756382 37.604850230041713
126.38551773899745 37.60600117937846
126.385853131108306 37.607848817746657
126.385858145422802 37.607990680218634
126.385625179959874 37.608188731680904
126.382796160788246 37.608670999895601
126.38170594604594 37.609204817320254
126.380496573877807 37.609493043794046
126.381122577395232 37.609233581909443
126.381060198844125 37.609143428573176
126.380528801674018 37.609165716848757
126.379285524051241 37.609586239918784
126.37864482660288 37.609432483170757
126.378270144726102 37.610425085160593
126.377913898616711 37.61049795565873
126.377286023990649 37.611057218786023
126.37621044689449 37.611684084585562
126.375795647614169 37.611859414600794
126.375702577907163 37.611755161700614
126.374984571903838 37.612145868411154
126.374672027004252 37.612208093878621
126.372842230055227 37.6117787534494
126.371758274345353 37.611639873393315
126.371246468253034 37.611838947390048
126.37101636086183 37.612355527779982
126.370787972708555 37.612380677100731
126.370756390231122 37.612604182246443
126.370735512175486 37.612910991924721
126.370983644344435 37.613006795599432
126.370982141078457 37.613170884391778
126.3706642127961 37.613307779309444
126.370988134592693 37.613670693310716
126.37138770279654 37.613673453205593
126.372413898209757 37.61404008973323
126.372517396956809 37.613906989911911
126.37352605395543 37.613992609095767
126.373850701734355 37.61391591824389
126.374850010678514 37.614374636420479
126.375518593710112 37.614526099203246
126.376875263909156 37.615352304489058
126.377110731469855 37.615357605502126
126.377736910006647 37.615893301917261
126.377603395736145 37.619244193912685
126.377540176135156 37.619368510519372
126.377099076156469 37.619484167861422
126.376621954813629 37.619809141866867
126.376201508417196 37.620255614083064
126.376131363656114 37.620513883273929
126.375571786752687 37.620572250511842
126.375307803406884 37.621094640967854
126.375402411204846 37.621182956584178
126.375772248057331 37.621132906754362
126.376027709316986 37.621240124367915
126.376131962067433 37.62172952209373
126.375879703269504 37.62188785919728
126.37578512694229 37.622181374223317
126.375739531891909 37.622665788662687
126.375965312153909 37.622799710411066
126.375523151114436 37.623491561859055
126.375610070463836 37.624124328073812
126.375350979650619 37.624791716911886
126.375490298140207 37.625123138935621
126.375421873230195 37.625304297558507
126.375237867099472 37.625384984778307
126.374942998864995 37.625340158199158
126.374587886213789 37.625710166675667
126.373975389873252 37.625708956153829
126.37381300513691 37.626019203765459
126.37337521599008 37.62595389950885
126.373332535209002 37.626163111478185
126.373065558413074 37.626232689300714
126.37310656020793 37.626373245193761
126.372831494036802 37.626628427939053
126.373406676392179 37.6268579530906
126.373604701073489 37.626792231754109
126.374095993809249 37.627357168171649
126.374487085409115 37.627568820347335
126.374984486570582 37.627577166959455
126.374984678426927 37.628171549802765
126.374859595621047 37.628180193794954
126.374805200548948 37.628346069864719
126.374777964204412 37.629546670079392
126.374412969236772 37.629631879172692
126.374308266824556 37.630236183850037
126.374394984837579 37.630585197737197
126.374268530445107 37.63096484262352
126.374038429656864 37.630960229476038
126.373513055744894 37.631942836306941
126.373150735957609 37.632094971442136
126.372868656383531 37.63259380516638
126.372665724302166 37.632729656246866
126.370609755249262 37.633536605108453
126.369012538743561 37.633977233150667
126.367661141587007 37.633835509889281
126.366106139133478 37.634652241430743
126.365830737277122 37.635056433078873
126.365903957635652 37.635300167300272
126.366555373113172 37.635429155185953
126.366925755510891 37.635937323462919
126.36889437333565 37.636061158932904
126.369032888785839 37.636329001571589
126.368740915219362 37.636587515291858
126.368991079367845 37.636998780874542
126.369268735436052 37.637001953560322
126.369716713184445 37.636697254542291
126.370560176069503 37.636547793589287
126.37078564821401 37.636598604254949
126.370939938572135 37.63650668913963
126.372182146773483 37.636400122485007
126.373185263311044 37.636508623300173
126.374789023305397 37.636216739663979
126.375042019571822 37.636307253783194
126.376763253756707 37.636293225084465
126.376926574372945 37.636412896445783
126.378001345218479 37.636648584787032
126.378052794456991 37.636770883181654
126.379193654872509 37.6371567881339
126.380346030855748 37.637343102654256
126.380867838154671 37.637226650494753
126.381009204590214 37.63745220827871
126.380428730262636 37.638084247156243
126.380358325102492 37.638302526686545
126.380564238547436 37.638465694805284
126.380638079533909 37.638739241918039
126.382158990960917 37.638350296054753
126.382321577869092 37.638137557559716
126.382501416182151 37.638112916235841
126.383908051158542 37.6381980997824
126.384877502884265 37.638413592795295
126.385039989598269 37.638471411310825
126.384998459376149 37.638601802162768
126.385709653985074 37.638807880050848
126.385805430433521 37.638699968733633
126.385971326190372 37.638899667733163
126.386602707622345 37.63900787216005
126.387523605325654 37.640045895356735
126.38771464426604 37.640134699429382
126.388136799442577 37.639729478217461
126.389260708519942 37.639772118936698
126.389525515360205 37.639939605187841
126.389720678157289 37.639935310625702
126.390059489012344 37.640345678275231
126.390339933854577 37.640466626015964
126.390420532774925 37.640629142582753
126.390327808233408 37.641072676131458
126.390600912397701 37.641229311547704
126.390982194631817 37.640988095013697
126.391053595111487 37.641150099255448
126.391662435131579 37.64102108013072
126.391575139427701 37.640870820472465
126.391715007614124 37.640842602556305
126.391761699741096 37.640925336384655
126.392496410962181 37.640691851066315
126.392294901534086 37.640285339382451
126.392323386649721 37.640020698877862
126.39367942896844 37.639738280860669
126.394045287546831 37.639435192933796
126.394832939286644 37.639526653490861
126.394833709476586 37.639796214974645
126.395712017004485 37.639666053209396
126.39576782888588 37.639548099457521
126.397331036016169 37.63983532581485
126.398470305739693 37.640413747556927
126.399585404715822 37.640823129751602
126.400016392333669 37.640880877758477
126.40207774782327 37.642265849983609
126.403210040320261 37.642735656142726
126.403808614002259 37.643437358024642
126.404523915144395 37.643979013297169
126.405812060937293 37.645680396031601
126.406043938185945 37.645699623633206
126.405949155433987 37.645928454979291
126.40603588685407 37.64605587699058
126.405892537770683 37.646280419215202
126.405982661672454 37.646397901620844
126.406811355507799 37.646701209699479
126.409012260936549 37.648574174712202
126.410544538809106 37.649652449092699
126.411164954524779 37.651472952644355
126.411013498089631 37.652786412990253
126.410334873772257 37.654295199169667
126.411387665287947 37.654385262381631
126.411766960089309 37.655325289272859
126.412631622443755 37.65640532988386
126.410736148407096 37.657153262179634
126.409657293865351 37.656837103151773
126.409469764212361 37.657962948985336
126.410115007457804 37.658925993402512
126.410096539641856 37.6592076891815
126.409035259950869 37.661319605138324
126.408191977355898 37.663480029422011
126.407091568288578 37.664738800774572
126.406313622584918 37.666188108865462
126.405500589310947 37.667188383882177
126.405536194079872 37.667531615305165
126.406023720305015 37.668448716341928
126.406032952888438 37.670082976495948
126.405782217299148 37.670721479092201
126.405828415470708 37.671452246992914
126.405210058917234 37.673173048776299
126.404677511638752 37.673743341049828
126.404088208224806 37.674720051086346
126.403844901896235 37.675623141566739
126.403839070743558 37.676136680992705
126.403127277852235 37.676747117026977
126.403186467557234 37.676868835269687
126.402598346433592 37.676946767205997
126.402277167037383 37.677219561421907
126.400594524948332 37.678012166240563
126.399841450323365 37.679088234267461
126.399420567887731 37.679394443205588
126.39934687363079 37.679684193765702
126.398891900707341 37.679612861072648
126.398828015512834 37.680481336184172
126.398552924044225 37.680756930595301
126.398661833868431 37.680821474782363
126.398596291144003 37.680878228350181
126.398044713251267 37.681214024939443
126.397247268142152 37.681036283936415
126.395562332237333 37.681630736073195
126.395538196664972 37.681928754308643
126.394636868014388 37.682511040908267
126.394091667202318 37.683708327976106
126.393617188524118 37.684048463204363
126.391502175599271 37.684998426415817
126.390553952780664 37.686065969791706
126.390542589057588 37.687212513798848
126.389626439450112 37.687747609038304
126.389221162264406 37.688530993565365
126.389082411912142 37.689446720273253
126.388279507876803 37.689611156066952
126.388217963070247 37.690436731001228
126.38969108424719 37.690597289158021
126.39020652380816 37.691096286131319
126.390681140896405 37.690971056925584
126.39105036801017 37.69134248435693
126.392062116530695 37.691909669485199
126.390896333718246 37.691288752398791
126.39073698487492 37.691624128393649
126.391416262413344 37.692551378141012
126.391655961902075 37.693386953670824
126.392162556217556 37.693460054253315
126.392073823914927 37.693723432182026
126.392366751120974 37.694194100102045
126.392184316886969 37.694597177135087
126.392233110099724 37.69473521087329
126.391854770306622 37.695272084129854
126.391782186085109 37.695755161455345
126.391181989804153 37.695672390444642
126.390871280253847 37.696297767990067
126.390309139216924 37.696784990530773
126.389272412801333 37.697374065115028
126.388315781138559 37.698603028621733
126.386789074039157 37.699568276949805
126.384557543907746 37.7004388053086
126.383269360438234 37.700763207754953
126.382306049211095 37.700942142372654
126.382225386976558 37.700311666389283
126.381221935125026 37.700376567682149
126.381168621113488 37.700226116484309
126.381034358432373 37.700229739948426
126.381029601339478 37.700435640977247
126.38087027136558 37.700369354653411
126.379100156020939 37.700561196631902
126.378925664567475 37.699679195138003
126.378841544307633 37.699685003528757
126.379010308222291 37.700572456676866
126.377933256687058 37.700712544149155
126.37778509019904 37.701047386140736
126.375044367123451 37.7005807295483
126.374944012523329 37.700652852313965
126.374431236229114 37.700460288468427
126.374118065122303 37.700599627593796
126.373916846743199 37.700409248543977
126.373651074803618 37.701156553812332
126.373109249747102 37.701984038028506
126.372787694007187 37.702240197178199
126.372546479837951 37.702750048595576
126.372380850046184 37.702329838246591
126.371434210039595 37.702819327084377
126.371296954541975 37.703303011399512
126.370892968019405 37.7029170435219
126.368290100776079 37.70371637646204
126.368100929794309 37.703635099958539
126.367494771162086 37.703766098426954
126.366677494158523 37.704130672695548
126.366655535650551 37.704012910791775
126.365591384591923 37.703806729525795
126.364439600693416 37.704006565097004
126.36440550686811 37.704231598056893
126.363788398195965 37.704191319580723
126.363359217456988 37.704270475412116
126.36294573863438 37.704147338706591
126.362376922548762 37.704159814153641
126.361829729522483 37.703668586059301
126.361417428024339 37.703887678873613
126.360684420461439 37.703725812821929
126.360453326555159 37.703789237489268
126.35950979155713 37.703427275121662
126.359208575330143 37.703574080521008
126.358853092533934 37.703921381812471
126.358297888812658 37.705129591568038
126.35769250143376 37.705612201240015
126.357136349073684 37.705626176417326
126.356278691105743 37.705920995408917
126.356298286675852 37.706275766287312
126.355590596394549 37.706677123441651
126.355753357362801 37.707018614591071
126.355628472605829 37.70718155964849
126.355555316037979 37.707931394452288
126.355230208835593 37.708377629774802
126.355324672086553 37.708757518287385
126.354715042117661 37.709182290136837
126.354666697005882 37.709665118568303
126.354842319142051 37.709954791798026
126.35468472409471 37.710257969455938
126.354443924066359 37.71037254409471
126.353965365426959 37.711472610397216
126.353736942940131 37.711579924110346
126.353470769428824 37.712025963755586
126.353204134588168 37.712108305007476
126.353088079774153 37.712037745254186
126.352757094004374 37.71255918983541
126.35297622484326 37.712675360315899
126.352806390651295 37.712990598866156
126.352563040658993 37.713037437252453
126.352399379913351 37.713234057261857
126.352761794638482 37.713572663772169
126.35279448611881 37.7138227495522
126.352369306615316 37.714744694446203
126.352274644945709 37.71473377848983
126.351793517528165 37.715310513145539
126.351827706707013 37.715777352647493
126.351627969382761 37.716033320451146
126.351568547476418 37.71640270119687
126.35141122345695 37.716529281954145
126.351604983783758 37.716858476729918
126.351832457291437 37.716675562636325
126.351994103702665 37.716720941303734
126.352911079579926 37.717429384836187
126.353217013556886 37.717425708988436
126.353451743552981 37.717629580508778
126.353681071462205 37.718503324187175
126.354314479271565 37.718678095663002
126.354380864548645 37.71898364546341
126.353562400589226 37.719110823001394
126.353486643732452 37.720202745542892
126.353783647593545 37.721508135145392
126.353828989640135 37.72257057948984
126.354143525502664 37.72320031924334
126.353791400781191 37.723666597749435
126.353787027073807 37.723892955717254
126.353603496560282 37.724031960030672
126.353736849452886 37.724183127303782
126.353348990642559 37.72463951765431
126.353233012994806 37.72463856335969
126.352181303275657 37.733915698408808
126.352613436440819 37.734147872399873
126.352298478958176 37.736469086107412
126.352597612525074 37.739947454885872
126.353442851801589 37.740453110988234
126.354340161081595 37.740474529554994
126.354685304498574 37.740849724167674
126.355117056344952 37.740864837161055
126.356595853861123 37.740592544868392
126.357401835724943 37.740328706053425
126.357768387338865 37.741035001353829
126.357089876674436 37.741097816178083
126.356767537046395 37.740951420856511
126.356670387200992 37.741135829383232
126.356430179939935 37.741080978382186
126.355507390141071 37.741512889605424
126.35528155659199 37.741507201193109
126.355402990108672 37.741953293169153
126.355347581305722 37.741894330203891
126.354406403542939 37.742440503590821
126.353819483317778 37.74463350493275
126.354597506385105 37.749393416640196
126.354779451592648 37.749820607511261
126.355161423801931 37.754227304081269
126.355735046810182 37.757004035661708
126.356082396685039 37.757588529294502
126.35665495438019 37.757952934851943
126.35636217463275 37.759138989840665
126.356757581756042 37.761304253770199
126.356935742673812 37.761668637004945
126.356363252289484 37.761830090554
126.355859977037298 37.767493357152922
126.35729950456809 37.767761878438307
126.35789146599889 37.767481887433959
126.357897568252611 37.767378859917301
126.357967724993898 37.767453941514894
126.357929126121107 37.767715637243306
126.357642527765762 37.767649511649118
126.357347541169077 37.767781604641741
126.357204245731779 37.767967988620853
126.357226718028713 37.768263285764071
126.356906941052898 37.76868770809002
126.356144779876345 37.768822595924803
126.355992968184211 37.769328741080209
126.355237698366324 37.769630727714613
126.354827717578303 37.769914612652229
126.354962517581413 37.770104879634388
126.354637382354738 37.770987285564544
126.355069026777514 37.771147503002055
126.354680011131435 37.771791012328919
126.354739810291903 37.773203890500923
126.354854588595188 37.773517615758401
126.354753599656149 37.774159056192758
126.354816700546337 37.774989741379549
126.355157429407811 37.775667335590008
126.354943480379987 37.775648106981592
126.354713554965713 37.776069514832052
126.354848674294729 37.776440551748117
126.354679483816085 37.776654559815867
126.354616893770554 37.777258374215286
126.354732752985967 37.777937693829031
126.355111426926953 37.778069218704232
126.354827983941078 37.779750779814414
126.355000462154038 37.780141803934654
126.355144984643559 37.781463032265556
126.354526493296348 37.781564324958971
126.354111202031376 37.781938524121912
126.353313884230474 37.784765718885602
126.353248193277878 37.785127048788624
126.35393655922671 37.785087812619018
126.354433538396094 37.785178680278513
126.354194866793932 37.786384434386058
126.354156370125239 37.786255408922344
126.353854801908255 37.786551252521924
126.353415025307427 37.786660836126792
126.35285807925581 37.7870517537553
126.351311795014595 37.788792106137436
126.350840996560848 37.789140850344978
126.350579749889548 37.789565189641401
126.350723502132468 37.789978268253456
126.351234566949032 37.790470756112811
126.351374174111385 37.790946364609489
126.351652046401099 37.791090856992611
126.351791484726164 37.791366129386574
126.351717939215277 37.791502154214747
126.352071607406543 37.791939321362271
126.352765643215719 37.791995265764662
126.352932189490232 37.792167323435152
126.353176252148259 37.7921702881548
126.35381125722985 37.791800282536073
126.355206492085244 37.791775126767433
126.355383365193234 37.792042283139146
126.356647694133841 37.792798502568644
126.357174949984397 37.792892634172674
126.357184796043711 37.793164442083032
126.359484364659465 37.794560038253238
126.359569971296921 37.794478973425846
126.360120117706288 37.794789938072981
126.360949194211443 37.795432334580347
126.361732879693747 37.795422558214895
126.363891759694283 37.796539764094447
126.364023691075502 37.796726415508921
126.364384316443491 37.796802674245349
126.365785764894284 37.797835848158883
126.366179680373094 37.798015987657458
126.366523297381548 37.798503780253931
126.367775308882599 37.799219221111514
126.368292522202253 37.799237527400159
126.368368217178883 37.799518687720301
126.369412817285593 37.800091303109248
126.370024022208099 37.800705955734514
126.371023235962426 37.801172851525514
126.371734782516455 37.801138484214235
126.372010460723558 37.801440715936238
126.373029600842642 37.801792735833352
126.375099691818335 37.802303394846057
126.376189144703986 37.802293350929183
126.376710599010053 37.802380304793999
126.377024311785206 37.802597223907235
126.37759882279714 37.802604369570417
126.378040362245002 37.803553951350764
126.378281515329931 37.803629292010278
126.378962214551834 37.803165172243354
126.37991818065143 37.803013820880452
126.380071049622089 37.8033660153326
126.38322623838863 37.803951813033635
126.384707872343128 37.804623505498235
126.388175623874275 37.806705493204575
126.389098851961435 37.808061769043377
126.389476558775527 37.809448596035878
126.39043622816537 37.811164889801525
126.390862394485993 37.812455091905825
126.390752558044468 37.81248728942969
126.391863527642982 37.815326200645501
126.39275469224647 37.816734561736659
126.393615779263058 37.819348043759462
126.394001401018983 37.821073219948893
126.393788401924141 37.821638675131275
126.393865796305107 37.821933143880202
126.393019036662537 37.822467043788926
126.392014018269663 37.822752826547855
126.392032958013587 37.822857978930415
126.392535583439496 37.823137095911427
126.392677046253553 37.823405958711724
126.392966699429337 37.823149850851621
126.393826647435731 37.822867664457824
126.397134492205225 37.823044681250053
126.398856855661904 37.823035449820054
126.399730724905879 37.823144467853972
126.399956457328159 37.823080692331203
126.400329259676226 37.823298571059418
126.400540689904943 37.823228330315736
126.400640413010251 37.823293965599731
126.400910459630353 37.823225673714269
126.402364196831556 37.822156182576222
126.406382243580509 37.821651031718844
126.407729103440587 37.822028759127122
126.409221767015865 37.822121913341945
126.411469520618994 37.823125830018448
126.411903518814356 37.823153576467526
126.413968856941949 37.821960657722201
126.415230090708619 37.821395012268042
126.416902324179517 37.821961446777287
126.417574814037593 37.822358081394121
126.419535219078625 37.82384754961187
126.420318082720073 37.824211042588274
126.420613898469696 37.824128541960462
126.420288428115725 37.824651723152698
126.42056761643083 37.824878602947948
126.420858219797964 37.824932368478407
126.421392969525712 37.82576839849802
126.421318996034017 37.825976018669664
126.421451142656935 37.826293106603892
126.421999827762747 37.82630549721533
126.422788652029197 37.826028605450965
126.424779538585923 37.827678294379361
126.425534137451066 37.82805313477833
126.425536756943089 37.828394112562719
126.426096925145956 37.828730018396847
126.426605426828488 37.82997583018156
126.427089781006558 37.830201600965857
126.426687275247005 37.830747204513962
126.427067741413452 37.830952690734797
126.4276635325283 37.831618246383044
126.428091083031561 37.831634341116278
126.428313957443834 37.831227526180811
126.428138944312906 37.830992225210068
126.431216752423907 37.829869208795252