126.760289364831706 35.258703976001676
126.761183359508451 35.258546893556947
126.762391920006621 35.257337547652035
126.763452840905998 35.256457031380542
126.763422199173149 35.255955178716327
126.763601174657481 35.255344036376826
126.763898828681661 35.254896340867461
126.763848648822588 35.254028714136616
126.763705149199325 35.253367490558659
126.763132803545503 35.252700222366897
126.762118007872516 35.252098127343075
126.762164453403315 35.251657131524297
126.761635694197892 35.251234141738188
126.761395114288135 35.250842565311231
126.761405006961581 35.249290453857519
126.760816458228632 35.247440424142006
126.760627102386692 35.247150204155936
126.759683826160895 35.246191498861208
126.759364728733829 35.245657521020462
126.758999224701384 35.245371317488782
126.75847860779254 35.245232395791326
126.756761151857788 35.243643571425203
126.755596596356796 35.243341516545556
126.755422865633008 35.242546993828917
126.755265135057655 35.242250493141562
126.754979208236122 35.242169926463085
126.754831694175792 35.241903586777731
126.755191469467263 35.241232677369325
126.755220639044168 35.240901782977843
126.754892909504804 35.240735350592679
126.754967539805492 35.240466930516391
126.754363000890294 35.238013631080541
126.753849809935929 35.237086744385294
126.75448883946477 35.235348184286174
126.755259100121123 35.23436123543383
126.755708086941041 35.23409399895715
126.757054912861605 35.233730555915649
126.759170067304836 35.233583968172304
126.76030969744231 35.233973116897516
126.761292430599411 35.233668894092318
126.762164331335512 35.233638938496249
126.76381524044649 35.232756623271662
126.764076876034665 35.232682631739813
126.764549507065652 35.232831855110824
126.764943971869144 35.232824316018025
126.766463904225716 35.232588420522781
126.766728814424795 35.232268958463202
126.767184623362141 35.231999862731399
126.767436350373757 35.231965990465596
126.768325823876935 35.231903341787472
126.768324980852739 35.2322595140133
126.768446529320926 35.232430155506172
126.770296249278914 35.232836204195578
126.771574236075793 35.23116665019176
126.771858569503465 35.230951012102395
126.773203923788046 35.230763003470976
126.773514240877148 35.230524309076955
126.774814759418092 35.230468731302523
126.775363369041898 35.230574961606202
126.776317632107705 35.229606103466963
126.777103618527249 35.228345404992488
126.778028266437929 35.227455769073423
126.779459386215919 35.226375241045361
126.780020656855015 35.225795750531418
126.781637593348663 35.224782154246888
126.782000709337581 35.224739016724733
126.782086122145358 35.224955917270862
126.783781512873233 35.224430700417251
126.783511890849354 35.224365435919097
126.786653677335366 35.2238681284027
126.787638770496187 35.223300620123212
126.788211870298682 35.2236149825493
126.788538430987941 35.224094260245764
126.78953594737024 35.223894605283313
126.790853442531443 35.223132601592617
126.791516734830225 35.222418456903036
126.792810878097981 35.221845943570024
126.793368905538145 35.221011611303197
126.794397786281635 35.22026258333198
126.795376913480879 35.219778934457615
126.79624279169245 35.219686611235623
126.797015543778471 35.220187596065017
126.797357363718746 35.220277324567107
126.797878143483601 35.220107225460936
126.798507664327872 35.220098565737111
126.799139310630068 35.219928232345794
126.800261113281422 35.219819686952178
126.800213247386111 35.219748067788714
126.801165228215055 35.219742174076593
126.802141115970826 35.220910888736867
126.802753140712994 35.220832026604924
126.802906666003352 35.220933977001629
126.802906104820565 35.221096776691496
126.804395942513992 35.221315812286633
126.804604918106776 35.220630428291322
126.804694723953872 35.219618960534618
126.804982060070557 35.218883561247104
126.805390431370654 35.218274977976648
126.805613922556418 35.218618264845794
126.806055516581793 35.218961488817705
126.805978218995818 35.219348941781156
126.80690138275574 35.219412963785011
126.807173746096538 35.219767025187352
126.808197291072801 35.219990483751744
126.808418135489077 35.220219975556311
126.808727328466063 35.221046891792362
126.809683675316705 35.221091647650518
126.809798557817629 35.220992537563347
126.810141225832837 35.221238551304396
126.810346332707539 35.221152120905991
126.810861279198264 35.221344468009917
126.811686267087637 35.222600460586577
126.812117269889427 35.222577204656218
126.812180776729122 35.222725178299875
126.812424907103292 35.222763866757731
126.813207140169567 35.222706209696469
126.813151248423722 35.222979355941597
126.813549221155213 35.223438523479537
126.81522389927737 35.224141760804457
126.815659423230414 35.224701965553557
126.816536554034769 35.224426983626678
126.816975052737703 35.223983038059302
126.817822848314577 35.223852234978956
126.818608434465361 35.224677873285437
126.818710744608296 35.224672105920924
126.81895759356091 35.225031320878735
126.81945628826162 35.225216855817301
126.8196359505949 35.225457667110362
126.819659163635407 35.225973585519483
126.819806392511296 35.226149559314365
126.820501063284141 35.226200317577657
126.821028383011182 35.225785513392253
126.821790385960895 35.226115618600559
126.822884848862742 35.225896688128074
126.823229662045676 35.225982841774297
126.823360093869965 35.225821206604714
126.82394322758438 35.225781078874789
126.824955645869991 35.226983868609153
126.825016378751243 35.227405713389999
126.824885855915298 35.228791337260752
126.82434999230307 35.230585307355817
126.824410360103769 35.2307046432134
126.824293399790832 35.230730520911195
126.824632717746482 35.231455903296307
126.825050535640003 35.231834508593273
126.825235896007072 35.231766051204666
126.825373424812156 35.23190667136965
126.826247627975221 35.231501912103802
126.826205599118495 35.231649716434902
126.827016227171953 35.231351199889126
126.82782582996353 35.230963939286859
126.827889547477923 35.231117114597474
126.82794361668391 35.230951994110114
126.829847640319926 35.230470092203554
126.831571734027492 35.229505707788491
126.833264547871664 35.228380680970332
126.835050335203505 35.228772267130324
126.834859307501318 35.229105645397766
126.835337707143182 35.229927795278662
126.836362637185161 35.22980736272568
126.836858023702547 35.229968034506868
126.837255199396935 35.229968150177712
126.838484616890639 35.229824190381407
126.839669454256111 35.230598256948312
126.840083192921796 35.230734434097108
126.839964174040517 35.231291710572378
126.840242454327566 35.23135727552382
126.839651586350897 35.231907288541741
126.839656134620824 35.23204546136418
126.840066349011451 35.233088609321669
126.840153902430217 35.233083507231186
126.840106092914723 35.233305822625979
126.840277231473053 35.233302670550167
126.840340103324635 35.233446265906188
126.84031537440903 35.233974356276867
126.840806503689834 35.234394421369629
126.841358815141447 35.23433473604895
126.841703798325412 35.234171823539533
126.842007479457379 35.233809713165485
126.842114303668268 35.234219684964238
126.842780398068015 35.234878683565356
126.843082363284552 35.234951880333966
126.843546186565831 35.2348526445628
126.844152836786861 35.234569791040123
126.844363735717934 35.234332615370135
126.844887387348308 35.234630736527102
126.844607140855942 35.235847329387852
126.84427449008605 35.236558813627809
126.844299218098087 35.236992472130957
126.844600849212796 35.237067088784109
126.844787017919458 35.236930154683499
126.845132333049648 35.237140442379911
126.846118548318941 35.237198469286206
126.846668514627027 35.237398171875121
126.847272211510855 35.237228958239982
126.848074411641846 35.235740933816707
126.849231183849142 35.236290103141286
126.849584455490088 35.236845574979483
126.850205817582435 35.237049857767367
126.850190847991357 35.237159964977998
126.850906663752866 35.237434216111595
126.850916765414397 35.237538306579324
126.850688335267265 35.237702661357275
126.850762984949824 35.237804155217013
126.850979310573805 35.237971875511583
126.851208785242861 35.237991872859261
126.85157383825613 35.238305550525759
126.852192697998561 35.238007457341489
126.852373944541142 35.238489474707826
126.853084178209983 35.238448948627081
126.85323432919003 35.238665030861107
126.853550537721915 35.238657530857722
126.853661047202905 35.238488520091984
126.854066042238543 35.238464650578628
126.854114772149771 35.238005593596029
126.854268181575904 35.238030567097887
126.854833751920467 35.238535571966587
126.855918861284593 35.238695328115391
126.856226175801169 35.238962440141464
126.856621159692253 35.239064593651619
126.857267527652056 35.239511384970371
126.857768460028552 35.239400015941165
126.857988429064363 35.239749122949348
126.858400489683447 35.240002698189301
126.858899743925718 35.239871745373662
126.859407633178478 35.240004731381987
126.859834250884489 35.240381676377346
126.86002039485281 35.240343586991145
126.860891884189058 35.241465077230572
126.861107567585037 35.241525888578813
126.861189993096204 35.242608584763168
126.861070717278153 35.242884761562436
126.861287704306122 35.243786633208202
126.861577051581975 35.244237214610159
126.862336141526043 35.244566096232141
126.862551889325204 35.244794347104339
126.862452931965791 35.245133795545691
126.86254494598154 35.245238682004945
126.863150439565914 35.245540477114901
126.863381155071067 35.245555810904712
126.863423780702121 35.245720633568865
126.863870332625211 35.245603823454957
126.863914458565574 35.245804710283188
126.864258654794853 35.245811157880802
126.86462113278472 35.245464966685795
126.864884661395578 35.24556229358906
126.865007568529407 35.245874395144277
126.865310642961433 35.245938244832914
126.866015693780639 35.246360691801009
126.866777748810151 35.246168321685786
126.869138793192036 35.246178956400129
126.869501239240279 35.246356240094592
126.870226581267346 35.246993735450118
126.870851063376591 35.247258341304821
126.871330536795625 35.247598969419606
126.871513106244208 35.248086736530581
126.872523396806343 35.248656075750844
126.873036666005461 35.2493492471406
126.874058819450937 35.249818465189456
126.874208834909936 35.25005775748653
126.875241421572596 35.250122076561851
126.876593231749695 35.250477389648708
126.878340768230146 35.251307294667718
126.879598555688574 35.251522202975387
126.879263594278711 35.250492084510348
126.878656515868428 35.249471973495858
126.878649594171293 35.24904889544829
126.878884165367651 35.248328628872962
126.879210100147091 35.248042927136183
126.879943275641168 35.247740166004334
126.880304364641717 35.247594483746603
126.880802490870764 35.247654271426278
126.881225279772423 35.24745892996031
126.881795461315093 35.247436537785291
126.883136685872032 35.24714872415494
126.884350054070282 35.24706597120489
126.884654696239366 35.247000350495519
126.885254756382338 35.246610250932889
126.886036611781492 35.246704657215773
126.886321239602708 35.246221863763211
126.887269997250712 35.246294869651216
126.888638193913707 35.246710624953792
126.888736006617037 35.246866909384245
126.888920877452335 35.246757225992177
126.889622489420546 35.246657746258947
126.889804264180952 35.247306735056931
126.890955394566149 35.249435946093058
126.891401686627361 35.249879694867609
126.892738314145063 35.250604228142272
126.894066837068692 35.251110020237306
126.896421500131439 35.252315239893669
126.898713074638579 35.252961240960836
126.900164674700306 35.253821134649783
126.903432788787754 35.257419042896153
126.904090456191923 35.25780489618527
126.905466126411241 35.258242297147483
126.907402773444488 35.258214947586652
126.909419833101268 35.258442815320876
126.911076384257541 35.258467723716592
126.912290505366556 35.258297513968877
126.914661285796342 35.258201631149007
126.914971802848584 35.257318126369022
126.91609431246826 35.256891625241941
126.916422616560894 35.25687580346208
126.916564134886798 35.256996736346068
126.918091889671345 35.256176876236708
126.918653935911166 35.255592382791555
126.919240903492593 35.255316035568285
126.919007603466468 35.255113084488613
126.918998739133343 35.25470817864575
126.920493664075778 35.254027261102486
126.921049890608913 35.253395008430886
126.921398075146499 35.253226941010155
126.922630049756066 35.252944809865738
126.923420732840029 35.252891530172356
126.924005460457479 35.25258755921547
126.925215956230119 35.253045478275816
126.926031981232939 35.252881215484344
126.926675796778483 35.252525441364462
126.927097591851876 35.252014181650033
126.927486885472447 35.251931614021338
126.927923317678548 35.251933430208609
126.929359026779636 35.252453555824609
126.9306392813386 35.251104410319059
126.931250221765268 35.250810280238248
126.932741398954008 35.248882122870342
126.933743407688851 35.246934953018567
126.933754245560394 35.246691732213904
126.933459210543148 35.245997813673227
126.933540478610411 35.244474178003621
126.933207894671483 35.24370798600107
126.933139519840012 35.243161373959104
126.93293123264047 35.243015770715196
126.932629808639561 35.241559085700111
126.932284839773843 35.240652337519521
126.933493451694829 35.239932227802598
126.934294234460083 35.239953243261596
126.93492397094046 35.239017601245394
126.936318694517354 35.238835982004233
126.936945423276356 35.238190028097677
126.937829025738253 35.238098387462088
126.938436044800241 35.23782830220896
126.941353833281369 35.236051743298077
126.942276906706581 35.236165289400397
126.942802130776897 35.235495450735762
126.942747222631255 35.234993493373473
126.942993480912193 35.233888340781711
126.94340752033338 35.233143661060772
126.943530556048771 35.2317394543036
126.944793756736232 35.230918567588212
126.946298727979965 35.230921227328153
126.947572933732843 35.23077336773197
126.948180709370391 35.229750467474673
126.949121728440247 35.228815454265266
126.94950445932561 35.228048629523883
126.949623799759777 35.227424355761926
126.95019149194016 35.226741126227054
126.950807794511263 35.226248746877474
126.951841001625425 35.224591124660172
126.952325966459568 35.224709335377575
126.95364029043904 35.225626699844632
126.953848518135118 35.225259484065944
126.953265711308731 35.224896606690763
126.952691923661718 35.224356976474787
126.951915840800922 35.22402598527195
126.951379371821261 35.223949429787389
126.949787888448526 35.222277190647951
126.948957587514187 35.220904815465616
126.948900757224891 35.219080549454503
126.949549327209013 35.21823666517318
126.949762282952335 35.217721862681216
126.949860456660545 35.217160113922972
126.950492115361897 35.215884418437234
126.95054605942839 35.214960138048184
126.950705350302471 35.214901337992806
126.950792965460309 35.215019676314476
126.951759281499179 35.214778398749516
126.952178785938216 35.214347609601226
126.952098743736315 35.213618622433629
126.952304629915105 35.213124371886792
126.952957197001297 35.212345673488585
126.953591300068751 35.21229846080417
126.95404005056713 35.21200035475281
126.954176997749016 35.211689434774549
126.954126842397102 35.210587383944798
126.955063445347761 35.209975813034504
126.955179444322653 35.209370125391487
126.955594076962853 35.209279868978022
126.95613488391578 35.208814193393927
126.956518419888468 35.208149448739093
126.956414268605272 35.207188348836418
126.958670216891335 35.206534986841881
126.95942820220948 35.205763049957476
126.959743988806039 35.205625415195058
126.9604142501192 35.204886404056751
126.961056741021721 35.2044293213591
126.962436079349672 35.203830521524324
126.962683438709035 35.203599774823616
126.963102879904127 35.203432311738503
126.964388065132709 35.203412710821006
126.964809541432103 35.203667758166411
126.965153211558132 35.203685744356292
126.96553565536631 35.203359543446354
126.966099741693455 35.201990508002446
126.966275329734501 35.201054842762765
126.966151887538373 35.200832570489489
126.965751719831871 35.20053923569909
126.965437011160148 35.200591105278399
126.965017988397236 35.200258184250409
126.964505831005567 35.20025817337315
126.963872128763313 35.199270010709633
126.964164221720722 35.198741406084984
126.963475627150643 35.19814066883913
126.962680562190954 35.198096052657426
126.962497750331664 35.197919807435781
126.961735056516417 35.19659444221903
126.96151740515451 35.196470435233763
126.961699057634462 35.195837018063969
126.961065994873096 35.195070373759833
126.959590193107758 35.194696660322926
126.959238249692191 35.194466838444711
126.959327977986163 35.194131540802971
126.959203958591615 35.193765883404154
126.958624251684711 35.193088685560099
126.958919395264545 35.192649516983494
126.959352579774375 35.192352367225247
126.959344030261036 35.191620865174031
126.959207807350609 35.191293087103986
126.959646613151762 35.190380064064151
126.960951222463066 35.189193123150659
126.961144558430647 35.188844473404465
126.961956253958746 35.188708132106484
126.962447811961198 35.188238318480366
126.962542664309154 35.18791400720761
126.9636017618203 35.187342967855272
126.964141589327667 35.1867041591562
126.964326576127263 35.18581625079031
126.964809668866465 35.185033349702906
126.966058476816485 35.184352921838283
126.96634909459479 35.184314978387064
126.967019865153858 35.18347733840293
126.967110837180755 35.182507420693355
126.968147155952423 35.181142731133555
126.968912088770836 35.180632828306045
126.969812233227046 35.180404772424815
126.970617758275154 35.179980362509802
126.97169473152492 35.179837253766316
126.971971923746139 35.182209425067107
126.972404590125663 35.183543249245133
126.972367757264408 35.184372762385955
126.972120533986271 35.18495238835343
126.972350637296131 35.185246365184447
126.972982472737641 35.185682552506428
126.973973362061344 35.186133032732243
126.975947404227298 35.185508846439767
126.978222435901202 35.186207291452043
126.978454246942803 35.185478657000694
126.979255309331506 35.185092343322928
126.979591876794828 35.184498775045753
126.980008442557505 35.184281263422371
126.981339094232041 35.18439205114889
126.981989378436708 35.183925005298661
126.982127940152623 35.184029376824832
126.982080757031184 35.184104442787657
126.982764894775755 35.184015686008614
126.982978947471423 35.184173590370527
126.984745482580266 35.186077525850919
126.984352682073805 35.186648846043717
126.983887174928768 35.187048618448095
126.985804142946677 35.188632012223657
126.986536859627876 35.188577879350078
126.987200904192136 35.18886934760863
126.987823032136077 35.188444387559485
126.988323560755546 35.187787295518177
126.988629982149874 35.187594241085094
126.988937138230085 35.18711092415888
126.99008848388732 35.186633321872151
126.991111472697426 35.186390616658002
126.993142618414169 35.186473165162418
126.994214256681374 35.186966578818812
126.995083603163323 35.188013464560534
126.996324047548612 35.188899937853961
126.996680349848347 35.189003328183368
126.998157792984955 35.188997743727349
126.998769216084057 35.188868324879024
126.999968907950688 35.188816094082405
127.002214552095808 35.187594915384921
127.003649718906019 35.186308076009574
127.005418042137322 35.185904108637004
127.007000365394077 35.185227059995526
127.007770748603917 35.184582691733922
127.008502808241317 35.183487519213593
127.009958270315337 35.182644085688437
127.010320158838809 35.182014808595511
127.010876224986845 35.181530569796102
127.01189700016964 35.180929690380118
127.013385360190554 35.180383523171329
127.014012216838381 35.179675898982644
127.014312276140018 35.178841693818981
127.014136008388675 35.178124155539813
127.014517633939334 35.178017349834427
127.01472891136271 35.177705801704562
127.0148176327111 35.176882470301166
127.014955352404883 35.176759077984499
127.015444549538969 35.176690582756628
127.015628912613266 35.176501701061547
127.015795140772511 35.175633841901565
127.016378262394497 35.175239574119679
127.017249962377065 35.174408804473487
127.017598150976227 35.17430328229392
127.018526299344046 35.173695021622258
127.021416482569634 35.173037998349507
127.021567177845981 35.172002824302574
127.022275223728812 35.171359643651556
127.020872416351494 35.167257315346362
127.020331335129114 35.167404997528656
127.01681121330445 35.165331959278511
127.014781320272647 35.165612746166758
127.013833476988566 35.166068877603749
127.012512887279868 35.166242092442218
127.011358457641876 35.166169092757556
127.009996760249635 35.163679072394075
127.010311837262435 35.162323638949857
127.01172846752543 35.161316966857257
127.011119881453197 35.158929699256163
127.009976913715079 35.157469870348031
127.008723228908082 35.156413816928449
127.007743480781642 35.155928690640778
127.008190000189842 35.155491085807618
127.008069375597842 35.154708184553087
127.008120743289354 35.1536951397038
127.008445590155858 35.152325764354018
127.008959375049344 35.150975962691419
127.009665378918953 35.149622468110387
127.009182077932834 35.148642843326563
127.007942983840124 35.148041261098207
127.00751397379787 35.145960133058061
127.007653090997309 35.144407683702845
127.007184097768203 35.143872102735671
127.0081966491164 35.142601696266411
127.009094540700644 35.142239414538054
127.009279330798122 35.14178266712576
127.008932675484488 35.14034305055543
127.008714134934507 35.137119016509992
127.008829458693143 35.134591268575043
127.008680380373178 35.133495983230233
127.009158536885735 35.131786049872069
127.009633135648784 35.130793397589784
127.011032013338166 35.12912944972129
127.011832087207267 35.127816211861912
127.011562230087733 35.126262093183563
127.011300209184938 35.125557224743005
127.010746088353045 35.124826320145736
127.010608038359493 35.124313970863128
127.009521043913892 35.124090961769383
127.007869243294451 35.12398712496136
127.006784605770576 35.123052999487129
127.006347292955354 35.122529805672158
127.005178387448296 35.122155783079215
127.004586991817575 35.121761175515367
127.004318021629174 35.121290636236608
127.003949781412871 35.11968848576015
127.002550886563697 35.118828122233836
127.000972565917252 35.117357223326458
126.998686582269116 35.115755583213918
126.999931853182488 35.114050202956285
126.99779696121486 35.112993879586035
126.995290355088386 35.112237617478797
126.994398969289833 35.111750833872804
126.991801908810245 35.111146319552496
126.990417073582947 35.111035081794562
126.989918878646748 35.110727031238198
126.989335981240359 35.110739647629849
126.988734177614404 35.109944549042595
126.988457187920488 35.110094235899659
126.988643849351135 35.109937923553765
126.98920533692251 35.109877418980815
126.989329283043674 35.109600262672899
126.989041284745809 35.108939850832186
126.988854040339973 35.107270058424461
126.98816457990425 35.107182237337184
126.987882817194986 35.107259669241031
126.986700426354432 35.106338591555108
126.986351745427953 35.105945329385349
126.986564070007816 35.105050050362799
126.98706518553395 35.104071852995126
126.987109627631611 35.103763420971944
126.987249437815635 35.103892728864061
126.98749087233675 35.103161382157857
126.988755902762477 35.101328374224678
126.987792586513393 35.100495211902611
126.987581281138404 35.099534109414797
126.987835360089477 35.098845866131896
126.987826571010871 35.098144496217856
126.988725717290407 35.097029291528557
126.988826874279169 35.096703116591044
126.988950691868837 35.094987581610596
126.988441626132854 35.094723743975301
126.98765179827771 35.093952711093131
126.985176614211568 35.093663959036633
126.984736625434792 35.093404757057769
126.983469953781338 35.093417961319972
126.982660187153627 35.093199537278451
126.981709800580546 35.092701806324683
126.980401088669964 35.092348224571786
126.979615052901295 35.09187374270018
126.978733477634293 35.091747525084877
126.977562160022529 35.092183479444827
126.976594885634967 35.091571628318647
126.974948098172277 35.091891543667067
126.974033608993707 35.09186204616541
126.972398196544489 35.090953820368611
126.972018703508411 35.090344469553749
126.971129809456016 35.090187350163674
126.970564498340764 35.090269880760019
126.968835094016853 35.089787901212937
126.968039529910783 35.089777120772375
126.967557134829477 35.089487288363649
126.966512997668232 35.089385588682184
126.96611770549265 35.088963941962113
126.965533170952497 35.088753355734923
126.964014640231966 35.08740535613083
126.963559430875065 35.087292399982239
126.963045725603919 35.087330690708207
126.962634855018152 35.08695903530581
126.962430302045703 35.086903761083285
126.961317627596216 35.085450226158969
126.960648374412614 35.085112694009993
126.960222557583393 35.084523426646072
126.960007294611287 35.08395618709477
126.95926421050028 35.082972324795882
126.95860100846501 35.082588020469665
126.958555165710635 35.082120988632454
126.958650027713162 35.081907371387153
126.959582987895772 35.080451846637864
126.959684728258921 35.079835148973388
126.959473487451774 35.079131586790062
126.958296883571279 35.078697112102333
126.957317165632432 35.077912291548152
126.957100838422065 35.077496592594898
126.956512792240659 35.07698274153644
126.954986513414482 35.07484269163966
126.953899082021124 35.074100328208985
126.953186799938948 35.074037798592101
126.952528964030407 35.073428553556461
126.951882073437631 35.073156609970447
126.949452957563878 35.072729976818444
126.94859530778767 35.072821996404585
126.946743003895065 35.072698787787914
126.945327471557846 35.073159244693564
126.943793290189575 35.073513015022876
126.942793233924434 35.072932569077835
126.942320922121169 35.072467991532982
126.941449109188767 35.073418929492469
126.941009481165253 35.073689680247575
126.940461749977644 35.073745885823058
126.940057165600038 35.073904403493131
126.939071462546337 35.074071500904047
126.938607279069302 35.07397844762054
126.936503440604838 35.074306762272627
126.935995012732292 35.074481687727634
126.934956208277313 35.074402253266541
126.933221726245108 35.074510301596931
126.932296205787949 35.07439232049402
126.932408957479012 35.075178403573148
126.932325707776357 35.076372378509397
126.932653484439669 35.076941002581059
126.93252838576224 35.077807090593581
126.930641384967885 35.078666376043415
126.929297868961086 35.079431042588837
126.928598941632359 35.080300587293408
126.92768735053366 35.080442136789451
126.92715132781025 35.081130516287004
126.926846210204289 35.082049577844778
126.926093067702155 35.08239219914141
126.926323022365352 35.084411679771662
126.925022302079995 35.085635173564171
126.924459669626557 35.086854337582672
126.924669352990477 35.087995823691841
126.92407181322173 35.088613581872856
126.923161985665516 35.089318036444666
126.922613103050622 35.089902720580021
126.922279906461441 35.090535991470034
126.921048533433449 35.091469643868734
126.920576245988045 35.091686225152522
126.919223409123603 35.09153166005698
126.91857221317315 35.09159220315955
126.918015395497875 35.091521956686911
126.9173290544351 35.091258825115233
126.916699878005161 35.091246975864721
126.914566933201868 35.089917369639977
126.913430177908793 35.0894713571819
126.912489028574669 35.089266457452709
126.912008901164072 35.088960767155974
126.910644806775565 35.088659337865181
126.910711447672711 35.087431278445145
126.909850539364172 35.086740104858734
126.909687949512204 35.086269442483839
126.908935697308138 35.085725519304233
126.908475241015253 35.085180256060681
126.906852955878591 35.084047229731176
126.906027476803899 35.083000017001851
126.905807230176663 35.082048199987156
126.904531843911826 35.081390506888226
126.903045025319628 35.081329116690604
126.902047418147589 35.08101367265629
126.899892976675545 35.080714861103331
126.899080971016161 35.081190072561682
126.89762255793552 35.081234036532194
126.895105371605624 35.080714138591951
126.893972570492224 35.079780506216942
126.893357662610683 35.078887751974833
126.891976503080585 35.07794528914615
126.890643047066618 35.078610530370995
126.889964192640349 35.078791587676378
126.889447841422708 35.07927982353376
126.888187476411616 35.07996297911555
126.886790402474972 35.080386011505041
126.886256348505455 35.081130402964511
126.885402822284988 35.081590268249805
126.883105528559085 35.080350365874473
126.882721316471745 35.07982747784699
126.881603264703926 35.079215144347749
126.881261127927672 35.078872007467304
126.879080528086547 35.078285057331343
126.878727666276305 35.077666985871936
126.877209574942171 35.077215749149211
126.876442258503445 35.077090031544707
126.876333178739102 35.076036871244831
126.87355843642392 35.074984724445372
126.873510160676716 35.075286919640988
126.873042161838569 35.075153050016525
126.872826772434308 35.075185496357257
126.871979776377756 35.074431819374986
126.87167669963911 35.07433782555615
126.87109401843955 35.074469602519116
126.870708177805383 35.074703254073626
126.869737755977184 35.07464896964138
126.86899001204452 35.074829411201179
126.868469788361892 35.075318256801822
126.866207753942888 35.076022769507645
126.865968060549321 35.075724627639431
126.865367030505411 35.075346219451248
126.864993510167778 35.07557636027542
126.864501565184725 35.075633691626948
126.863875832008162 35.076187882493166
126.86236607237943 35.07675191215673
126.862175174467509 35.076974916361472
126.861847296139956 35.077963653077227
126.861492208044623 35.078129284457667
126.861131043982724 35.078941934943565
126.860520479240336 35.078821651990239
126.859861516704342 35.078943272017057
126.859073729429468 35.07867194030343
126.858651884878611 35.078305544146239
126.857852569896238 35.078355167166485
126.857275436238623 35.078614328221029
126.85560924868966 35.078359530473648
126.855481412259465 35.07779855612354
126.855097938347257 35.077446705730019
126.854864223627686 35.076412953741048
126.854929119257733 35.076138530220362
126.853813398737515 35.07428981005279
126.853382907751552 35.073806910313742
126.852140511128724 35.073445544149266
126.851926629077894 35.073208527883523
126.850867421914558 35.072913426430979
126.850193183704022 35.072888223703167
126.849740183498369 35.072545427315433
126.849303995903227 35.072379245985474
126.848435563694522 35.072222253407659
126.848184082649496 35.071947857504355
126.848210250899598 35.0710515988956
126.847604433657139 35.070364946332731
126.846895489005703 35.069854637907049
126.846632325001707 35.069056160219525
126.846639906043094 35.068582961370318
126.845762498762582 35.068309175109249
126.845867799573341 35.067073734484353
126.845153005074039 35.06642058653577
126.844695832770512 35.066231133256125
126.844136168937311 35.06544156837262
126.843737241029871 35.065342612128973
126.843474778809863 35.0655407066454
126.842961520381891 35.065389626095126
126.842340807625234 35.065536691940551
126.841962383657318 35.065724499670672
126.841938030322126 35.065828260077758
126.841064095542336 35.065904147734564
126.840598187727267 35.065893246313259
126.840418644024524 35.065643022983345
126.838762648872347 35.065847704442824
126.838738653088853 35.065940486028545
126.837954080824446 35.06586999894612
126.836919230687386 35.066233374146115
126.836830012133134 35.066217479195714
126.836832320310009 35.065668351513125
126.836666402356485 35.065206455059197
126.836322271769845 35.065295420805214
126.836125491093 35.06459166278799
126.836215783820691 35.064410809283736
126.83596509612309 35.063856829796215
126.835069294527088 35.063743916196664
126.834377062064405 35.063345948652312
126.833749098577968 35.063173543048926
126.832310492523177 35.063060136998644
126.831451906864586 35.062843879756976
126.831170038835836 35.062647013428062
126.831142574097456 35.062421633019056
126.830961481746712 35.06235912123023
126.830817462567225 35.06242426790714
126.830589688326285 35.062242411944929
126.829841557137101 35.061966159556405
126.829241814666588 35.062156706144187
126.828800411712507 35.061988343347551
126.828638102647218 35.062195561990755
126.827583721187807 35.062156171112164
126.827560895087842 35.062343316357385
126.826755130738064 35.062191314987189
126.826527740373919 35.062471402753019
126.82525601945224 35.061469324147616
126.824144179583982 35.06083857691231
126.823835050016143 35.060814184438868
126.823154613096946 35.060457705068465
126.822348984898312 35.060260615258073
126.821859271177672 35.059948216464349
126.821503723638585 35.059147861013429
126.820799996540629 35.058571345996064
126.820529789602318 35.057837175824609
126.820503541284424 35.05699971170705
126.819839021238266 35.05605482418035
126.819778459313142 35.055633343862397
126.819503361127005 35.055491939626819
126.819140343173942 35.054994245025455
126.819011734180563 35.054366753390923
126.818731666349933 35.053924517191767
126.818809216043974 35.053246074675755
126.818583697067453 35.052769136338213
126.817780933942601 35.052696950096596
126.816912725659165 35.052945050519
126.81671062868692 35.052946572771589
126.816533004552113 35.052798982518155
126.815348649057114 35.053412644309589
126.815123776107626 35.053108790385849
126.814545151842253 35.053290707032176
126.81458162234172 35.053371606947941
126.813844272962157 35.053232866224164
126.812725660881796 35.052583137680799
126.812460264171676 35.052622438907591
126.811779266144313 35.053081065266582
126.811371649803419 35.053226764589816
126.811379718867883 35.052994251196601
126.810952483983414 35.052591210284994
126.81053465879765 35.052927440089235
126.809896218363619 35.052316874383699
126.80972851457588 35.052479847370485
126.809422038374208 35.052217542204268
126.808846643517796 35.052407891637351
126.808563566276163 35.052246178123688
126.807951398939551 35.051616498839742
126.807663321012456 35.051035359360171
126.807436221124533 35.050895428522381
126.80702485889536 35.051175456318823
126.8061041571478 35.051163837183147
126.805614912820801 35.051497970120664
126.804877060910059 35.051582407053083
126.804684502304639 35.052388819804193
126.805143759965446 35.052350408228293
126.804834653789598 35.052409767633996
126.803677307279273 35.052370984745437
126.803575455314302 35.052421097025189
126.80341631424416 35.054135690651769
126.80306434879347 35.054844519466151
126.803062709501646 35.055168865071074
126.801901483547468 35.056362409090752
126.80244122662323 35.055988515822627
126.802908616783 35.055927600921244
126.803189818088853 35.056008895409093
126.802451294635375 35.055999943653312
126.801955287785503 35.056419391905465
126.801675450660511 35.056480053227176
126.801776192157078 35.056605004416824
126.801590721300073 35.056738921727252
126.801191650824791 35.057437382548919
126.801422461190072 35.0576770493563
126.801460863866893 35.058152439852456
126.801174507320894 35.058213801324456
126.799211402306227 35.059417385842814
126.798959313385723 35.059121064505263
126.798536724096337 35.05947977871454
126.798508890906291 35.059307066237473
126.798111561297631 35.059150491477673
126.798039658866173 35.059275012028209
126.797504999582202 35.058963007536107
126.796938185009765 35.059049792531297
126.796353773240682 35.05966342134564
126.795943015819631 35.060763250512188
126.79550050541188 35.061066287891606
126.795227675674241 35.061122150879513
126.794622734827158 35.061036482759832
126.793785121226435 35.060231149729255
126.793417426030658 35.060075024975362
126.79252685539609 35.060030968186524
126.791894293356307 35.060235641347248
126.791567519648368 35.060488162337563
126.79138605712015 35.060446718910519
126.791053078385488 35.060112924563448
126.79089429472441 35.059513239977619
126.790654616869119 35.059197904131302
126.789383392927277 35.058985985759946
126.788697466366727 35.058430299836203
126.78850377870053 35.057961393266517
126.788132930208008 35.05757554247851
126.787804117405173 35.057423705465681
126.787075525778519 35.057414677580333
126.787052919896709 35.057281397507381
126.785781765313118 35.05647003216172
126.785657700335776 35.055969832009851
126.785492174729583 35.055804758496905
126.785063089512917 35.055560047885841
126.784510083732144 35.055477802094522
126.783798910622224 35.055169504607321
126.783322035512754 35.055314552617787
126.78315432138622 35.055265667276601
126.78245956582235 35.054390223875416
126.781587013760259 35.053844589339455
126.779778447716964 35.054265924013833
126.778883955293807 35.054238940067137
126.778041975928403 35.053987966218187
126.776103346812803 35.052803030606924
126.774896944542093 35.052669662094956
126.772796010648307 35.052905989753171
126.772101513684532 35.053086647127223
126.770618360567724 35.053678872462861
126.76921070397367 35.053971384193886
126.768340523819646 35.054556451645752
126.767477301275846 35.05569938239455
126.767344046042041 35.056358114897776
126.767869203967436 35.058878871314654
126.768631774566927 35.060198297366902
126.768431858789867 35.061412784333704
126.76746780321858 35.062872413169671
126.766853257560754 35.063513593943661
126.766285910064624 35.063882614440942
126.765108773844361 35.06436185467372
126.762814016412662 35.063984701826918
126.761505304417369 35.063527219169828
126.759632998868966 35.062451435037204
126.759151356387875 35.061806565184973
126.758765248968984 35.060538806065217
126.758135559399264 35.059457311342364
126.757725647093551 35.059004958059248
126.7567372163426 35.058244414405031
126.755849835564462 35.059092582928166
126.755850519674595 35.061156010075536
126.755373907850938 35.062555541780135
126.75432610869737 35.063755040779355
126.753333593779175 35.064448481674944
126.753177472998516 35.064756032702363
126.753136435926649 35.065238602902589
126.753590555435522 35.066253567640238
126.754138451125982 35.066851560902364
126.756978669700985 35.068375270840427
126.758248950399803 35.068641049753907
126.760643593067925 35.068697799536722
126.763859939004078 35.068238667413567
126.765878764871886 35.06816838606791
126.766997677978395 35.068181252883541
126.768583201716822 35.068618791898537
126.769347175408186 35.068936022292718
126.771353100408362 35.070170207163166
126.771025795230074 35.070879546110383
126.771001830344318 35.071483559349417
126.770900507968449 35.071633921809422
126.770579145571617 35.071627109230555
126.770544314557867 35.072681784011529
126.769333695924729 35.073275500951929
126.769264867845393 35.073440571338871
126.768754379134165 35.073735357913691
126.768226301313803 35.074368958450194
126.767210921743043 35.075205550260726
126.766925413787092 35.075599769104556
126.767051895865052 35.076240964645805
126.766910961967781 35.076339707076009
126.766701388830072 35.076297325147834
126.76604541538309 35.077070523911388
126.765505842613294 35.07799168802822
126.7648020785048 35.078754646485827
126.765181209070889 35.079111280019312
126.765221165730566 35.079635978521381
126.765739094187509 35.080702424846301
126.765645729101038 35.082725524551712
126.765344492599098 35.08368799088813
126.764483830641211 35.08376335192483
126.76380490071864 35.083977359174916
126.763312148725319 35.084271030201741
126.763489471683101 35.084920503677502
126.763400099394119 35.085314106637874
126.762949930234598 35.085686305270428
126.762834427326126 35.086342098793068
126.76309000597945 35.086244154532785
126.763182370459518 35.086357285763093
126.763395996588173 35.086311230998298
126.763492478188596 35.086483247074177
126.763448002200192 35.08681130984013
126.762810409697238 35.086881462913048
126.762822917768858 35.087233018872865
126.762668277108432 35.087500166761799
126.761733873963124 35.088522775801593
126.76174532168497 35.089351483727974
126.762073596171561 35.089654656251213
126.761872349583541 35.09103305417451
126.761137398408536 35.090986531992499
126.759695910415857 35.091481390030786
126.758707203522093 35.091657154602643
126.75766374372914 35.091520984007765
126.757386521167291 35.091227060244243
126.75598755622363 35.091703653039666
126.755042551121591 35.091478361238941
126.754282008435197 35.091677654974333
126.753930381739139 35.092079873460712
126.75398951319778 35.092642641968247
126.754127127073573 35.09274995935678
126.753598154345653 35.093090125822549
126.753756512179194 35.093420428719149
126.753558431127161 35.093761279354254
126.753595620382981 35.093927683549886
126.753139849302841 35.094652346903757
126.752274680703536 35.095266454280484
126.752378014888691 35.095377083275615
126.752230044491156 35.095573104698403
126.752273611672479 35.095729670478001
126.751791529770287 35.096026407475151
126.751878345949919 35.096216854430459
126.750994971529011 35.0968942986757
126.750808533916398 35.097283607746533
126.750849462915838 35.097964922629615
126.750608716611467 35.098406370939301
126.750532358409345 35.098382417049841
126.749123347278953 35.100290936023356
126.749037072686619 35.100758201816653
126.749188257801805 35.101414814679018
126.749076076359913 35.101615133842138
126.74868280925449 35.101936839314597
126.748076492575535 35.102161328513127
126.747629233054781 35.102540235161968
126.746721491796606 35.102255674258679
126.745181831779419 35.103419267248817
126.744624638302327 35.10403678155236
126.743727891126852 35.104669075365976
126.743156235732769 35.104812779546663
126.743108775265242 35.105132940407728
126.742708223930279 35.105525583728436
126.7420810923267 35.105815220646114
126.741145495386675 35.106038267076499
126.74084332840718 35.105993117914942
126.739436373126907 35.106715535588563
126.738426571408738 35.107575976762369
126.736437426822334 35.108227104512359
126.735494010155989 35.107947023781179
126.735437604174294 35.109059374819324
126.734491756969035 35.110310039909272
126.734256948275743 35.111310462933517
126.734272849268834 35.111059659017435
126.73409145334972 35.111130385327655
126.733057831250846 35.11226676924975
126.73265603755614 35.1128554212913
126.732439822448825 35.112931980805101
126.731821778986458 35.112565558000085
126.731809545474619 35.112379905150959
126.731556471167465 35.112147945456094
126.730672968815668 35.112137674014498
126.7308482983631 35.111985672873026
126.730840994422465 35.111756233932248
126.730581610414248 35.111413706547133
126.730434199112736 35.110332729904748
126.730717263063156 35.109729317080884
126.731215345314567 35.109308331141669
126.731195175753442 35.108772681008531
126.730924490932267 35.108586172192624
126.731281693990397 35.108108834019248
126.730753144587283 35.107741334030919
126.72933858313381 35.107521841652321
126.728386572846219 35.107410979537114
126.727671534704555 35.107469217327811
126.726095815788611 35.107882112843022
126.724682173684229 35.108052396742501
126.723593359079672 35.108353132441273
126.72328050391333 35.108225801293678
126.722449672024624 35.10831233362876
126.720883134504675 35.108235762889088
126.719499744389282 35.108423389426832
126.718679186756333 35.108861737893449
126.717749141504157 35.109632200367557
126.716895583373258 35.110135519409972
126.716725591457958 35.110377080827107
126.715852802328286 35.110738671863238
126.714718026117296 35.1105443198297
126.712733315109631 35.109914428248814
126.710779462427951 35.109873146758275
126.709960387657219 35.10948965368059
126.709121438605294 35.109442845393765
126.708958107989119 35.109585397810989
126.708827068664604 35.109470293719923
126.708597619435665 35.109553962603144
126.706742105454992 35.111428517689845
126.705404640995653 35.113015595972449
126.705217192854562 35.112859230381098
126.704595057923811 35.112756585451407
126.702503479789698 35.112675678195785
126.701628420464189 35.11232452095512
126.701770068741766 35.111976163126258
126.70117333160303 35.111402883717012
126.700740255927585 35.110597916866837
126.700237487218203 35.110015004935924
126.700033327420087 35.109093147996695
126.699446168240556 35.108810715743822
126.698623148373514 35.10867782190779
126.698215041297431 35.108456951815469
126.698386002044771 35.1082488051117
126.698396238991023 35.107981235645731
126.697530159802312 35.107587121478112
126.69701730694527 35.10755921779991
126.696486413052014 35.107683938536852
126.695974358185552 35.107486180619844
126.695694153675831 35.107668702328525
126.695020036989447 35.108647082615839
126.693914049204153 35.109067776156039
126.693352897240203 35.108939602656619
126.693121081964009 35.108465232892215
126.692193211686998 35.108098108477648
126.69229797130906 35.108220626743339
126.691876344515734 35.109088648749086
126.691900375975365 35.109622764279116
126.691703080520156 35.110037028929021
126.691480824847829 35.110301649205134
126.690176661352766 35.111080667881723
126.689883048707259 35.111223004136484
126.689271875705927 35.111041431051447
126.688557973693122 35.111053958425771
126.686802172468688 35.111741205884094
126.686229211350636 35.111783793930535
126.685608612533798 35.112002172963123
126.684899847414044 35.11201722496353
126.683217917629648 35.111411869457051
126.68360491369566 35.111059814161393
126.68365525579685 35.111163034296212
126.685102383839663 35.108437113213817
126.684491688282108 35.108449173868856
126.684435041827555 35.107943148054574
126.684622429128225 35.107747727849414
126.68409757631261 35.107635938986107
126.684437424453733 35.107636557609311
126.683049980319751 35.107395603756608
126.681900722635461 35.107428066796082
126.681120462901134 35.107548817848077
126.680469040592044 35.10785074429446
126.680998352415841 35.107480893390239
126.6800107430428 35.107550811404217
126.679293322612949 35.106942888853119
126.679245367908649 35.106672633672844
126.678758150081038 35.105840259488346
126.678501603479035 35.106011961054186
126.677738494852775 35.105825012678459
126.677499883315647 35.105535508398361
126.6772436760061 35.105490891455908
126.677223756033612 35.105283525987829
126.676329201621002 35.104886921994549
126.675778078854677 35.10500628798102
126.675217640531159 35.104971962982951
126.675087217367704 35.105101317336022
126.673401001316307 35.105192401006335
126.673245508395411 35.105032692352353
126.672526734426242 35.104738785998848
126.670637241202101 35.104834633709942
126.669420887824899 35.10460244541764
126.668628003937215 35.104792792551748
126.668149249733915 35.105028083756181
126.66747242391645 35.105124532419396
126.667537403186131 35.105621296053116
126.667161720624691 35.106087839840626
126.666973982824842 35.106569268648506
126.667896140506429 35.106707156731666
126.668450355801895 35.107556370178408
126.668962255721127 35.107900155372796
126.669110247553022 35.109020776224376
126.66910870169643 35.111257965727667
126.669304412776839 35.112022825078306
126.668020641140316 35.111905928771577
126.666612296432135 35.112411313654633
126.66597776931971 35.11342090798464
126.665378720927194 35.113883447163779
126.664465936523811 35.114117384182101
126.663388788198048 35.114800957034454
126.662605791740177 35.114687516862475
126.660863399763187 35.113810708252196
126.660558469732607 35.11381661141958
126.659927570709115 35.113523310404794
126.658207006548949 35.113504507512069
126.657539965025421 35.113252626226128
126.657058895441097 35.113283655381423
126.656290831262737 35.113822843351599
126.655198088770121 35.11485587150829
126.655385149166634 35.116989372415922
126.654960689374875 35.117814450112448
126.65369227086336 35.11846457988262
126.652716218940412 35.118679507337198
126.651929600846628 35.119650425485446
126.651658608248326 35.120411856203077
126.652617564086711 35.121961289209999
126.652330854623344 35.122708587744498
126.652239239866361 35.123369124493223
126.651723416379994 35.124658682581028
126.652172691485305 35.125546125740946
126.653128215152719 35.126546980005585
126.653039383894821 35.126837699640554
126.653297652678077 35.127782041495628
126.653340729386642 35.128655351160496
126.653608488877325 35.129343690014842
126.65366956886929 35.130502094861818
126.654243827175165 35.131196800382341
126.653568089460876 35.132112692342766
126.654542444917155 35.133504559364887
126.654700004885086 35.136092450152418
126.654951548496186 35.137014098936625
126.654176725639402 35.137352421152656
126.653915233914873 35.13800684626699
126.653740933772241 35.138997833240367
126.6532629244346 35.139482911386068
126.653013836570338 35.140604233894472
126.652827010420367 35.140913112528175
126.652906644511233 35.14298489894535
126.653316055273166 35.143959958353193
126.651702642980183 35.143992917338856
126.650526540168428 35.144366678754061
126.648625394636085 35.144005260564519
126.647564097925013 35.144035687424726
126.645121486172286 35.146432603144639
126.644702845774518 35.146611641546706
126.644710100095267 35.146679399368864
126.645545204086986 35.146664819251413
126.64863514966477 35.147069736437494
126.649105715086023 35.147175184399295
126.650152525081154 35.147652423774723
126.65088355232254 35.148318159763129
126.650933066037481 35.148807285426862
126.651102172746448 35.148959309409079
126.650667189260176 35.150108263778627
126.651284630019077 35.15067803509146
126.652377092847019 35.151438744378105
126.653505008181654 35.152780636666002
126.653556849604698 35.153010764848652
126.652944977243379 35.153500386364165
126.651760038123669 35.154184954660998
126.651417446262641 35.154818434284898
126.651729560800177 35.15553675531433
126.652247982453048 35.156092571079931
126.653036943036298 35.15642567330184
126.653683844619408 35.157458449494193
126.654648291752935 35.158390305994438
126.655335785530752 35.158878432192395
126.655206179739025 35.159719561019976
126.654342714735591 35.160121705924048
126.654136399847829 35.160324621184955
126.653662657641163 35.16127122845478
126.654158236338731 35.162288496434556
126.653974855895015 35.164197278178968
126.654222881347792 35.164551777277076
126.655810065254272 35.165866640804026
126.657078454913261 35.166615982585775
126.658382064127153 35.166825584706913
126.659599326837025 35.166397928773883
126.660688469606839 35.166628587210177
126.662648372313072 35.166399309565186
126.662622124862537 35.166900187244984
126.662888633982462 35.167480471811501
126.664284190510585 35.168440071439981
126.666162636612611 35.168930038174878
126.667478937759739 35.168987331003727
126.668907476999394 35.169487281032318
126.67042955076289 35.169517507189376
126.671436507937869 35.170831579712264
126.671607292832576 35.171820137855626
126.672067098137475 35.172295587644854
126.67211672959229 35.173089755369169
126.671566031800424 35.173711313256526
126.67131591469176 35.174400162362872
126.670896931935971 35.174813215809088
126.670547548080521 35.175019148131234
126.670135892754686 35.175061116413104
126.668810791591696 35.174824685398022
126.668467322637625 35.17488711551762
126.667941484437719 35.175755468595007
126.667330167406774 35.176340650849156
126.667109849158678 35.176693118440596
126.667186190193661 35.176775991589295
126.667081643535894 35.176712753040121
126.666591229710534 35.177090387573159
126.666345350321791 35.177613894637084
126.665983469833563 35.177935268555977
126.666343537977767 35.178095686230265
126.667352397867248 35.177446123405467
126.667549160324185 35.178282664568002
126.667234103233127 35.178899082685305
126.666797976666885 35.178628033661454
126.666353878774189 35.178585398181838
126.665085677148085 35.178849475099668
126.665069004317488 35.179275170583416
126.664099053351748 35.17963005529392
126.662581338873807 35.180449000306403
126.662492574355994 35.180923508770832
126.662786626253535 35.18153611955254
126.663266511296882 35.18176307604022
126.663683347338946 35.182218715481824
126.661877246988922 35.183898199270651
126.661706753482946 35.184141787449541
126.661759934719328 35.184717102940844
126.661236105414559 35.185236871635716
126.659510981542866 35.185780987184323
126.659212253161172 35.185958862180591
126.658524120844362 35.186054657810701
126.657920496537642 35.186285323085762
126.657507174754855 35.186746936577237
126.657370257476288 35.187240872136982
126.657041338370703 35.187579780284928
126.656734624134486 35.187695938360449
126.655923514482296 35.188347381400121
126.655402988881562 35.188961910148841
126.655386518799361 35.189529286300598
126.654738183791594 35.190101200807739
126.654756956325187 35.190406864244721
126.654531028466309 35.190807035997693
126.654206316488981 35.190837364125258
126.653957540002054 35.191043112484984
126.653780837389149 35.19132273405819
126.653826935897669 35.191656642995227
126.653203931284779 35.192518025121998
126.654511255260402 35.193361441589452
126.65542757894093 35.193764737147553
126.655935058239351 35.193847865659777
126.656245559376714 35.194098594444469
126.656968978878808 35.193424502265962
126.658286061263126 35.192897295599955
126.659070885103063 35.192262663202563
126.660146784614696 35.193032545060888
126.661723152873506 35.19372171873836
126.662123940603678 35.193760860935804
126.662434004534788 35.193748641709988
126.663078504584433 35.193515806178233
126.662967126201011 35.193194535445492
126.663019186729969 35.192926107493776
126.663319157419267 35.192534716479713
126.663513089617595 35.192478076466266
126.664169594113645 35.192368788717836
126.66472160208933 35.192594533948522
126.665296780479778 35.192529801749906
126.666190649692368 35.193104353303532
126.66678534510676 35.193344151073767
126.666955494537987 35.193102520108901
126.667697605832373 35.192701783719897
126.668112509789168 35.192641941363419
126.668993036105832 35.193551059521418
126.669602560555646 35.194491679065393
126.670226573463935 35.194189886671396
126.670788051491968 35.194074669781592
126.671231041712019 35.19377744338076
126.671770344878013 35.194010594015516
126.672061016214855 35.194257136306511
126.672530061396969 35.193921110054063
126.67294441859795 35.19297751782242
126.673286124919713 35.193073932537473
126.673745300730602 35.193013478762921
126.673960481479384 35.192191304706803
126.674448457289301 35.191151155697398
126.674431017252971 35.190963088145274
126.67458806543992 35.190986613519819
126.674492509014826 35.191241409069043
126.675173859965369 35.191093253656398
126.675972927266855 35.190718109700754
126.677149796632406 35.191028697057732
126.677284643574353 35.192191522063098
126.677133992148455 35.192674041068315
126.677594999379295 35.193014126000975
126.677712352194874 35.193618060980569
126.677843874742706 35.193764168831841
126.677074523801693 35.195464524427543
126.67659750743249 35.195951801356074
126.676492674992176 35.196556267743254
126.677343876549202 35.197454123707729
126.677903163784521 35.198326677569511
126.678026771102338 35.198784583766901
126.678056982328798 35.199692623709019
126.677369827899156 35.20137362165827
126.677583786864815 35.202540594939272
126.67773505023078 35.202859984607869
126.67878308757011 35.203685256830738
126.679650941702562 35.203777420891512
126.679977638276469 35.204040101593435
126.680634410759168 35.20523246284052
126.68094143481855 35.206401352606306
126.680545666935515 35.206857456335179
126.680455549841739 35.207342959876925
126.680792879758499 35.207612002891388
126.680686016505874 35.207993943053403
126.681003697648052 35.208373347824846
126.68121193757402 35.208480374238761
126.681701244569908 35.208368711024178
126.68256276828663 35.20860209591568
126.682711793072471 35.208757410943953
126.683432255752351 35.209039135820909
126.684542808047198 35.209842132544935
126.684632445666594 35.21031148855846
126.684502582967269 35.210875749295262
126.684847351018774 35.211134236674482
126.684990427749227 35.211941735192262
126.685231117448822 35.212135593608153
126.685340613459147 35.212529648633122
126.685638317597721 35.212893503864471
126.685588091600749 35.213276857641098
126.685692972914083 35.213624012460045
126.687053424662139 35.215194047721091
126.687919469374648 35.214988425947894
126.687955481292761 35.214771638429959
126.6887251062807 35.214426891516375
126.688824230342931 35.214890211632998
126.689169205183333 35.214566339483234
126.689437100442547 35.21501149956385
126.69042853872827 35.214999403425004
126.690823185708695 35.214199205005961
126.691439318419697 35.213822788382899
126.691270104417541 35.213511247961129
126.691519604044842 35.213108680623762
126.691831233027912 35.213064131340118
126.692461402859735 35.21255633867581
126.692979215415605 35.212352738808697
126.693763858899274 35.211517478541275
126.694275001315333 35.211487229269927
126.6949040003378 35.211239827473037
126.695396348913448 35.210545353872249
126.696286404085981 35.210097064203822
126.696658946040287 35.209777043458587
126.697009194432198 35.209264862380593
126.698016886443028 35.209475827035376
126.698513846583253 35.209472420344326
126.699852301993459 35.208919182254604
126.699864466404264 35.208459816237408
126.701217169431203 35.208223753862256
126.702556139450792 35.207564443958688
126.702959285600187 35.207685425096834
126.703372075609082 35.208266113474572
126.703784104355449 35.208587536307398
126.704597850918077 35.208719660691315
126.705249145964885 35.209216281954561
126.705533124181116 35.209927775056244
126.705850777257879 35.209921655613201
126.706208453480116 35.210236159366964
126.707081986431973 35.210115757478583
126.707778193060406 35.21044151661048
126.709935508214983 35.211892257330568
126.710699330957212 35.21227280177272
126.711834410123473 35.212052998458411
126.71243889386632 35.212173726361776
126.713159723146731 35.212097424429551
126.714172987875401 35.21245375367873
126.715026606362116 35.21204369101568
126.717239930702121 35.212444649537616
126.717694870491442 35.21238966196838
126.718536744242257 35.213188202296159
126.718356903848743 35.214816949259529
126.718877623423566 35.21569035830715
126.719927110843031 35.215815466542161
126.720216769361429 35.216022321653853
126.720154725421395 35.216942537872406
126.72031945411409 35.217448654384498
126.720598019863914 35.217784906464374
126.720542353399452 35.218503038572813
126.720780275264289 35.218784556551924
126.720007860771915 35.21971635521917
126.719179379507253 35.221323600437067
126.718477344306194 35.221798690116685
126.718748497142769 35.222592783141465
126.719800960630835 35.224664101869053
126.719897646766867 35.22514372285606
126.720071536839001 35.22528481738356
126.719873850386037 35.226168942493452
126.719879520362596 35.226766237988301
126.720492489573815 35.227044815195541
126.720659223263326 35.227220828193893
126.72139775415684 35.227476888045359
126.721710647732039 35.227776180423078
126.722208671210623 35.227696768325828
126.722813865868972 35.228396701461044
126.723285278494117 35.228718887979973
126.724131119490963 35.230182829260556
126.723561455279167 35.230682469764368
126.724138102226462 35.231762722943451
126.72417810621458 35.232364603098809
126.724943420401416 35.232786323749743
126.724910051076378 35.233668857329008
126.725185633841974 35.23424902082003
126.725676887546641 35.234960225134564
126.726406843193715 35.235087370271934
126.726314135328252 35.235806257143807
126.726733610194913 35.236124652477315
126.726987373139252 35.236512659739901
126.727904968482292 35.23638277160714
126.729090430936779 35.237301015907079
126.729601006908851 35.238822190738091
126.729937730893866 35.239103614382557
126.7301260060961 35.2399900255541
126.730427963561638 35.240661505304772
126.730189389551441 35.241371757527538
126.729900734343246 35.243301515794677
126.729955375563179 35.243597115063956
126.730920472880854 35.244431048760504
126.731051853339949 35.244365427465262
126.7315825805711 35.245114578286611
126.731864724324225 35.245295195195503
126.73175862223917 35.245507476309335
126.731838647913179 35.245807628871461
126.732374927226999 35.246394421444343
126.732323667881772 35.246525271872002
126.73394057471576 35.248128316079622
126.734767096895311 35.249262724719465
126.73523613109451 35.249473029785989
126.736252480746657 35.25069080456187
126.736519985583826 35.251685394120194
126.736943362535143 35.251793777533429
126.737154268166748 35.251982671812328
126.737239533544027 35.252921321119793
126.737779731478795 35.252721302716502
126.738111199469259 35.252741457203783
126.738105811576787 35.252603288536243
126.738371732120299 35.2524509189534
126.738398862876494 35.252079744199996
126.738713541350208 35.25197987453874
126.73865052640987 35.251822841965236
126.739475402364604 35.251687185305364
126.73972994785882 35.251441553753011
126.74044178715144 35.251164803032609
126.741112747777507 35.251052733668963
126.741774515230304 35.250807982014699
126.742589235379199 35.252137649523078
126.742592146010054 35.251166608997913
126.742895866570592 35.251812552644225
126.743402731421114 35.25158365814503
126.743993786414961 35.251711662914964
126.744370391588973 35.252062155272931
126.74492130316608 35.252346542392743
126.745127440687185 35.252419365525128
126.745803071024497 35.252298131505924
126.747278210336901 35.252958646723336
126.747425085531859 35.252878681985017
126.74791658060461 35.253059980007045
126.748393213521098 35.253332361137758
126.748985879911118 35.25427282823096
126.749454934308574 35.255886207469636
126.750351982592818 35.256075387755914
126.750536880990296 35.256416161081553
126.752698379440432 35.256863828375877
126.755055473225582 35.256460092144721
126.756126607425387 35.257281781605904
126.75613161692911 35.257501068972488
126.756895514494929 35.257613452376781
126.757904392962985 35.258366832104564
126.758411680310772 35.258286866798414
126.758984700504058 35.258380835831431
126.759395548938244 35.258622342189128
126.760289364831706 35.258703976001676