127.178411566176976 36.596874596325975
127.178076685135593 36.596893115344507
127.176421245366001 36.596101151221333
127.175762714106 36.596309645770681
127.175074010271217 36.596076366393412
127.174886362615425 36.596261939571974
127.174024559000856 36.595915394752474
127.173490834799452 36.596029945877248
127.173069484774615 36.595566179760745
127.172723662416132 36.595451223542931
127.172535806489705 36.596885984722846
127.171910572203046 36.597322525745248
127.171408257530672 36.597506271819704
127.171395769002316 36.597626546914604
127.171007342625799 36.597676950348173
127.171089903217307 36.598138933044723
127.170731569638249 36.599171253979854
127.1698358881914 36.599077065232009
127.169825472509373 36.599427107588895
127.169531105586401 36.599374860650606
127.168626153873461 36.600169979496009
127.168626031790595 36.600589854799637
127.167834887357614 36.601124884563298
127.16810400059849 36.601862312968677
127.167573676830784 36.602199273909839
127.1671532976668 36.602915702282644
127.166001834089258 36.602451530087315
127.165654773805301 36.602426656824889
127.165486646171829 36.602611632563445
127.165050969169201 36.602788790835966
127.16437685480274 36.603441351359557
127.163723235513061 36.603628091185485
127.163330124862298 36.603625246522697
127.162717495361932 36.604375443965388
127.161338655628697 36.604755769580855
127.160500340996975 36.604723654618212
127.160199089349149 36.605065371860221
127.158598595878345 36.60535641501567
127.157896583078653 36.606329436662662
127.157580593914687 36.606383349482272
127.156634582367161 36.606127204889219
127.156164664158254 36.606153722883334
127.155883736596778 36.606011032751027
127.155478202921458 36.606702898388676
127.155616230309349 36.60787785386951
127.155488776149554 36.608597799701563
127.15583164323408 36.609142830057408
127.1554917148773 36.609727313386522
127.155596197607338 36.610011594428272
127.155472679299663 36.610514704095742
127.155573085819611 36.61068184258913
127.154984839323248 36.612080773483804
127.155262796979585 36.612389322255098
127.155091913995491 36.613056950926726
127.155779279332037 36.614334267237119
127.155985091982842 36.615146426144896
127.15561631451817 36.615992283780969
127.154935553713344 36.616119030693177
127.154952292735189 36.616544516805085
127.154264168680399 36.61683489040189
127.153082536837303 36.617541256604625
127.152271874345743 36.617874857225864
127.1515471346749 36.61794898910739
127.150619517577084 36.618333702776113
127.150053321161522 36.6190080062891
127.150429764885047 36.619749554133115
127.150902326118 36.620151372455567
127.151301048365724 36.62084504359084
127.152223404278871 36.621786111441672
127.153069879833581 36.621874314740673
127.153466987287828 36.622527697952762
127.153441080421175 36.622770178699227
127.154321400505196 36.623890684801182
127.154989317249701 36.624208601576733
127.155477354752307 36.624198680791302
127.155832521180713 36.624042497345926
127.15657991845184 36.623923812142799
127.157413339133768 36.623416405257196
127.157715150061563 36.623564417368918
127.157943832311503 36.624009610065869
127.159197705937018 36.623935866193044
127.16010981374481 36.624072077998747
127.160497338061674 36.624450884369175
127.160176356683365 36.625425939676433
127.160367463275477 36.626280633872128
127.160049901412336 36.626369484653516
127.159486552607461 36.626033715217879
127.157642691716376 36.626788589824059
127.157052441785169 36.627232601681278
127.157075963032582 36.627459537316525
127.156907927939912 36.627644499360564
127.15718164618248 36.627809157724727
127.156489916422899 36.628616849248964
127.156670244706547 36.629075075657617
127.156169853774813 36.629995717989338
127.156275868360538 36.63007499732602
127.156115512796362 36.630698679526731
127.156289080175654 36.631699827540665
127.156614061811624 36.631897094597996
127.15685061864265 36.631816243115374
127.157535986969933 36.632266759605344
127.157104004773373 36.632638193968859
127.156927585700089 36.633085320230336
127.157516408251766 36.633730276094582
127.15754635014234 36.634716974547466
127.158082083121684 36.635363399594823
127.158013261833844 36.635805044375942
127.157551103256182 36.635948137493699
127.157284064988801 36.636422706891715
127.157006818725421 36.6366097736854
127.156426997986273 36.637850708839132
127.156942302940422 36.638235559163668
127.157487969307638 36.639035716024509
127.157498086053621 36.639544003326641
127.156535002190708 36.639782086017149
127.156357241732195 36.639920575899573
127.155884807662076 36.64071081413968
127.156343015465296 36.641371691389544
127.155502748196938 36.641967246847756
127.154734897683326 36.642253219547641
127.153821443368685 36.643053015974061
127.153363760422621 36.643719309916122
127.153563885000963 36.64455148349942
127.153514880862559 36.64486327331506
127.153144438598275 36.645213500536009
127.154145404791663 36.646690632123189
127.153743746732701 36.647961746232262
127.15405422281205 36.648296451302556
127.153966140948654 36.649094342140629
127.1541151407705 36.649329858730695
127.153993830950384 36.649661738164653
127.15461707729294 36.650702308389192
127.154447168180027 36.651109999471714
127.154289399584997 36.652449782195738
127.154566938072762 36.652825076415127
127.155663322518038 36.653188062973072
127.157370988218446 36.654336740279618
127.158295385508978 36.654318642279172
127.158333608220161 36.654895592301045
127.159806256474681 36.655933887251813
127.160568728494837 36.656119008223847
127.160482096006007 36.657332265811199
127.15993176734203 36.657495758889553
127.159681845159952 36.658503958250598
127.159998367361439 36.658694738377513
127.159310374136069 36.659053290741255
127.159177893953157 36.659306620019173
127.159409608625609 36.659718008772629
127.159340024820551 36.660307791046577
127.158935344205673 36.660944168656705
127.159042262705853 36.661350950368728
127.158388070022752 36.661761536003318
127.157954695685802 36.661695939033748
127.157253617642937 36.662345109385633
127.156454594316742 36.662528062192152
127.156373829220385 36.662691205765896
127.156162658655433 36.662755417566565
127.156269373934634 36.663330025576961
127.154858403454938 36.664274653623345
127.154521307523723 36.664290857103609
127.154360935849013 36.66441722032291
127.155271982248109 36.665268746689364
127.155633960359992 36.66747462217873
127.155821940067 36.667520272636331
127.156379789536444 36.668195113559321
127.156218116879614 36.668546192350284
127.156404056327759 36.668794330467755
127.156116849302762 36.669037716664647
127.15687248068852 36.66940534725493
127.157190622853378 36.669770186572343
127.157557527916126 36.669785745172369
127.157572931163912 36.670311767339975
127.157757190022451 36.670681545287621
127.158003064185664 36.671001401700238
127.158723324773547 36.671327398937585
127.158610897422406 36.672249505553253
127.158701568662622 36.672576331833611
127.158556533509099 36.673027365400529
127.159868709202186 36.673885074580511
127.160512491116023 36.674066694666045
127.160919006220524 36.67471636631528
127.161798329007198 36.675431848229501
127.162210113356423 36.675589000795853
127.162570698120462 36.675993449283197
127.163447110943963 36.676230211616577
127.163585675550266 36.677041604188602
127.163799643176986 36.677376701968967
127.164123637314376 36.678497589321701
127.1638314744132 36.678885750242166
127.163932777449901 36.679507957178195
127.16349207878045 36.680091465187481
127.163431936082262 36.680337950346662
127.163661878693361 36.681202158846617
127.163154281624813 36.682226750159799
127.162950081666452 36.68305802229257
127.16242581294506 36.683646446607284
127.16226981848925 36.684873578953891
127.161886424032033 36.685707924354027
127.161965818847833 36.685972522245422
127.161418934191403 36.686204450343403
127.161201650432659 36.686977731689865
127.160769056112301 36.687701741128585
127.160865593901221 36.688136123718223
127.159871415011906 36.688161383893132
127.159938688070042 36.688409393478501
127.161102497278435 36.689582677102599
127.161444902624837 36.690218634591041
127.160657198484927 36.69229339670725
127.160349685881741 36.692726624883008
127.159078814859527 36.693851335968525
127.158324963857154 36.695084614540846
127.158054107176994 36.695324614800384
127.157113941900889 36.695657288859877
127.157030938907923 36.694286855353937
127.156652306469255 36.693544192662863
127.156820117662321 36.692915731546158
127.156583379265157 36.691956334593051
127.156628255693562 36.691141061005219
127.156223454727851 36.690764242725834
127.15445120929914 36.690688231973098
127.153343190787524 36.690981678720007
127.152503672227553 36.690284097446451
127.151822176265114 36.6900154705869
127.150888208941396 36.689454291705239
127.15060363095418 36.689844942232895
127.149587897847681 36.689852409227377
127.149165249950229 36.690266882612178
127.149025973786877 36.690944302923988
127.148338565288086 36.690592867624197
127.147509756523831 36.690722585095358
127.146585646966429 36.690101940371605
127.146209275638213 36.69002355050646
127.145477306530466 36.689298176665325
127.144829636645056 36.689235610519752
127.144517962674612 36.68936016962698
127.143827769806435 36.688997727133064
127.142878785989367 36.689754682363102
127.141748935133066 36.689983831484405
127.141554169483527 36.69075028286349
127.14193116049023 36.690973724526636
127.142189505099623 36.691327956800272
127.142867073307656 36.691656622923588
127.142906450895552 36.691780768674334
127.142464954728368 36.692236070340925
127.142531197724253 36.692604325493335
127.142348652543333 36.692886700310879
127.142388010035972 36.693182906726037
127.141767125792242 36.694226399829077
127.140597095791179 36.69442066612887
127.140481470626511 36.694581885662849
127.140903333583509 36.696885151529877
127.140686788497604 36.69732330673272
127.140370850920746 36.697432648301856
127.139297689911544 36.698236180977595
127.138829652887196 36.698253886584467
127.138198972715273 36.69974287783036
127.1383354901578 36.699909148885588
127.137972249983122 36.701355864192344
127.138289100416628 36.701662720161039
127.137115296334741 36.702166436866698
127.136030435431707 36.702940946177939
127.135934166089328 36.703388224553152
127.13628765599988 36.704341897329606
127.136143555420759 36.705039580752917
127.135847790870841 36.705199863903275
127.135365396996349 36.705933973087255
127.134809947798487 36.706195362085992
127.134590931841032 36.706657151571484
127.134378535615411 36.706791989526529
127.133777507939115 36.70679463221505
127.133306376590696 36.706361769628941
127.13249630974704 36.70641899263665
127.132030718058161 36.706159576162186
127.131384248060087 36.706481584758258
127.130631961702917 36.706573355149359
127.130078575367961 36.706829655816769
127.129995920113231 36.706759349687935
127.129619354431597 36.707451643966095
127.129202382130217 36.707502489378335
127.127990242839715 36.707971809624752
127.127733907838362 36.708519799826256
127.12776573379044 36.708832047209292
127.12888249721388 36.709601883424291
127.129189201137791 36.710000856754021
127.129558551755281 36.71022461331215
127.130457423603886 36.710119745893294
127.131645255171819 36.710270796972331
127.132553550372435 36.71108981869785
127.132506643512656 36.711267282806411
127.133137877912105 36.711945796201569
127.133271658494294 36.712357909960446
127.13424801269835 36.712754720578495
127.134438311060777 36.713276600490097
127.135669743305201 36.713018956891922
127.13622838689659 36.713265576725846
127.136600278822428 36.713514089019824
127.136771643234184 36.713901085312386
127.137630938971824 36.714253806010085
127.138129499431827 36.714624098558588
127.138815603100596 36.714933348325694
127.139512834276957 36.715791145401589
127.140257021084295 36.71581336722496
127.140539996510753 36.716004233808128
127.140439800665661 36.716503635218977
127.140934131836687 36.716846608286041
127.141836687625627 36.716813439053091
127.141707281770124 36.717008749076136
127.142704160241024 36.717200173041952
127.143068464293933 36.71711047576575
127.143732622454067 36.717441693771605
127.144289303091739 36.717256008426219
127.145113707170424 36.717520287210171
127.145226377267477 36.717820910030014
127.145661033985945 36.71813463846118
127.145743671804325 36.718738287161692
127.145919301274802 36.719028416740528
127.146553485474982 36.719042567554084
127.147080996486011 36.719328297358047
127.14724393384779 36.719296290509654
127.147644722286074 36.71980999482777
127.147900319049313 36.719759272023438
127.148245811512908 36.719886686197675
127.148827759706322 36.720560968919862
127.14881989107765 36.721018016301493
127.148546603542059 36.721425819174797
127.148093507995668 36.721556772501309
127.147618499230234 36.721844019568564
127.147621281735198 36.722303018555891
127.14779963202804 36.722644385856832
127.148185079545513 36.722714295794091
127.149293409878752 36.724433222088798
127.149482631845004 36.725324242671867
127.149335980809951 36.72546720895258
127.14928842342384 36.725932181513002
127.149649547614587 36.72598748209294
127.149811838529615 36.725886183563333
127.150234741118965 36.726143332522135
127.151415253743963 36.726424856086929
127.152051282621073 36.726807586492853
127.151933726856925 36.728952112159966
127.153225058933444 36.728555665126912
127.153488770419202 36.728611380278764
127.153980547204142 36.728471357915254
127.154995147311624 36.727724379467624
127.155843931716007 36.727331855069224
127.156465359087719 36.727224040621216
127.156859900235844 36.727452463874634
127.157525636143646 36.727456098689345
127.158008365258112 36.728646073105871
127.15764617492863 36.729715488539355
127.158297773021488 36.730155340565844
127.158347292549323 36.730586684761747
127.158623334845913 36.730942250280506
127.159453962487063 36.731504358969822
127.159643893687658 36.732843948165161
127.159891681125046 36.732888395394667
127.160610342528301 36.732751989597013
127.161352826826487 36.733129452534229
127.16265409480782 36.733202040135737
127.162841112582612 36.733132240409709
127.163216104437112 36.733362642214409
127.164694534450831 36.733821878208623
127.165559844695338 36.733548100719609
127.166611198846553 36.73348103699297
127.166449904355389 36.732898624903058
127.166548873928832 36.732801061225061
127.166795673416829 36.733202271591978
127.167122285665855 36.73328996620765
127.166965667119385 36.732368793626485
127.167841159774511 36.733090439500714
127.168343019761934 36.733164925819274
127.169008326995268 36.732953344470396
127.169674883551806 36.732433136496098
127.169939068822615 36.732376454284058
127.170435403516834 36.732479927586134
127.1707540098095 36.73227054390766
127.171219207842952 36.73222566400333
127.171863919551924 36.731637612116373
127.172055819399233 36.73069820371655
127.171883087602637 36.730736757499756
127.173063191797468 36.729197813545206
127.17358067933506 36.728689621179498
127.174128805692646 36.728573934767113
127.174244056878734 36.728569829950416
127.174445137829807 36.729313796106211
127.174687614638557 36.72894370684665
127.175132621895315 36.728950653054973
127.176995472747464 36.72855509969424
127.179967455330768 36.729067136978415
127.181314448078126 36.729413444934522
127.181790743665388 36.730088840652051
127.182708607547667 36.729885251722592
127.183218998765568 36.730318984911371
127.184361100464628 36.730041546158482
127.184574535677029 36.729689226529274
127.185795533632742 36.729125271218251
127.187299711755315 36.727986957716887
127.189149021203733 36.727733996859257
127.189423572333013 36.72777693659495
127.189523613863514 36.728275480391396
127.19040006923467 36.728614842514148
127.191469891367646 36.728409810636499
127.192585210102976 36.728640909380196
127.193847692275554 36.727706511816763
127.195409845143743 36.728598334012787
127.195672304434126 36.728357984237441
127.196267163185226 36.728205785420421
127.197283405024621 36.728192865368548
127.19759562943571 36.727644912200887
127.198558319462393 36.727285978627656
127.19905221179674 36.727395823408791
127.200204923582845 36.726860843260546
127.201361462394544 36.726123648184945
127.202300769652581 36.726265689068974
127.203122379591235 36.72614912811035
127.203703287300598 36.725299121137134
127.204220950575163 36.725072114777788
127.203668591966618 36.72373855272707
127.203822725523821 36.723018535401053
127.204475101442497 36.722412818687737
127.204356041594295 36.721632720333076
127.204807919208307 36.720876126800214
127.206289350306449 36.720691969295416
127.207971164894616 36.719509727660373
127.207839449842595 36.719039958486619
127.209045089992841 36.718622502470332
127.209977783424264 36.718482615641818
127.210678390876097 36.718218377618761
127.211449178282663 36.718292757468063
127.212305132970826 36.718107653794476
127.212487823432937 36.718212084499314
127.212515352936862 36.718492508524591
127.212545547354665 36.718277880913668
127.213483759785248 36.719006109355959
127.214019896546873 36.718782136355294
127.214583194164547 36.718832943048156
127.215110193114882 36.718213319569116
127.214848199453243 36.717073875965951
127.215028370516094 36.716898682266589
127.215214967583719 36.716893842171643
127.215282756406936 36.716612688706093
127.215990935910767 36.716443572961936
127.216074101257789 36.716097896668153
127.218139674132544 36.715588126733159
127.219242195001925 36.715474889840984
127.221207593408636 36.71559995618999
127.221947407951234 36.715491024127367
127.2227791371769 36.715538762955134
127.223629966508881 36.715719942856794
127.224016064497121 36.715335958876786
127.224032114479186 36.715017438785978
127.224209982875635 36.714720584055094
127.223785994961446 36.714395289526742
127.223430398044073 36.713828807163324
127.223337866501211 36.712971233306384
127.223637171118853 36.711659828779631
127.223938314049519 36.711599009018357
127.224257591652673 36.710977199078243
127.225116583587123 36.71037268682641
127.226510183509419 36.710018614116244
127.227435983968405 36.709004520398082
127.228220083913058 36.708455149357135
127.228623780745579 36.708195748332479
127.229055661983722 36.708412888313532
127.229747293031835 36.70782697224918
127.230343410962504 36.707820475893925
127.230782213714505 36.708019562482029
127.231261544716702 36.708546071450186
127.232240746477729 36.7090507772918
127.233430009566945 36.708973833393202
127.23425593587541 36.708799326831681
127.234408508027556 36.70807390558813
127.235303691299407 36.707387023447744
127.236404506890594 36.707451881654471
127.236871702738043 36.706512670240578
127.236802263063623 36.706392841043673
127.236990434524785 36.705882211194528
127.237047311377594 36.704408779087323
127.238798989745263 36.703243136961461
127.239558386862313 36.703346934940697
127.239666087527965 36.702323380338619
127.240759282829515 36.701923012899364
127.241691294698299 36.701259381826489
127.242469995511513 36.701167416515517
127.243260128369641 36.700931792245925
127.24394263405587 36.701115703759122
127.244369880866472 36.701086113891833
127.244758459157651 36.700767676387642
127.244667535013448 36.700486821854859
127.244762045509276 36.700016073034327
127.243643781945394 36.69949119792517
127.243707250570097 36.698876622805159
127.24402415238491 36.698452731433441
127.24387184039108 36.697946729607082
127.244370218227616 36.697412079991189
127.245302645689605 36.696793743691906
127.245356290681457 36.696343364346092
127.245710861020967 36.695891509657109
127.247128280810273 36.696211312550695
127.247410392151735 36.695582199493934
127.248049140960319 36.695048091462361
127.248431292759236 36.695414226378887
127.248825167156397 36.695564625577404
127.249843038255648 36.695652339673295
127.249915784234219 36.69587182440916
127.250515284553146 36.696461096128246
127.250831360516713 36.696555331044522
127.251217499307714 36.697012955655239
127.252172726640069 36.696755823766324
127.252280526314806 36.696247880615374
127.252920174608136 36.696108264013887
127.254096772095551 36.694956567294248
127.254598602934976 36.69485778434494
127.25488968161244 36.694584296919885
127.255488140662848 36.69431099165633
127.256278580739803 36.694096690428097
127.257097863986061 36.693723502198765
127.257217695596239 36.693321967188879
127.257915657022082 36.69221998452106
127.259942830464752 36.692629828963021
127.260123402597486 36.692618740903889
127.260593250172789 36.692322044116509
127.261463806670122 36.692752675311674
127.261739619925166 36.692627889066088
127.264139869119873 36.692246958416945
127.265229641209118 36.69220428956978
127.266114168695339 36.69262360004695
127.266804760170103 36.692414516004071
127.26700810688564 36.692727212140454
127.268176833174877 36.693114334716178
127.268750789552143 36.693560508212812
127.269742517892553 36.693725821455587
127.270316748540026 36.694346298231928
127.270835103937912 36.694584202672836
127.271498477613989 36.694443325925597
127.27240990688486 36.694638367551626
127.273476891389478 36.695265870920913
127.275772821682807 36.693518632859373
127.275813838548359 36.693252987363024
127.276647523274207 36.691894599965735
127.277708743111248 36.691349218702996
127.279034587890763 36.691910461818509
127.279970760923234 36.692134681823816
127.280601339763649 36.691735307055744
127.281356713891455 36.690408309876851
127.282610980843856 36.690610091873111
127.284248804088463 36.690471046453183
127.285597443247042 36.690716615265686
127.285840716642781 36.69054597470619
127.286951927251508 36.690422271191572
127.287789669257918 36.689957120156279
127.288022524012121 36.68955248943638
127.288601293846568 36.689641252354825
127.28885954352431 36.689501766832763
127.289504275351163 36.688555806829633
127.28953760076044 36.688190972382223
127.290869530903876 36.687749060015086
127.292137064202208 36.687089705492276
127.295552303149009 36.686621288030253
127.296010001748684 36.686182800722229
127.296661455316084 36.685770213784373
127.29707013003447 36.685966959610056
127.297622337452964 36.685770981899566
127.298238926610864 36.685926223644046
127.29865083576442 36.685845753778977
127.299567188428782 36.685930971378838
127.300269910749037 36.68543487422
127.300822975745405 36.685235101362665
127.30108708871316 36.685307340197106
127.30140257322013 36.685639726282432
127.30182909521379 36.685736510461354
127.303057784432909 36.685462484217958
127.303291529880326 36.685195107881029
127.303758379174212 36.685021494832164
127.304417749900779 36.685040148719601
127.304364040304876 36.68477324706884
127.304558109779563 36.684136553340721
127.305573843032292 36.683496096995327
127.305991006490103 36.682869490082147
127.306759881775903 36.682704868799711
127.307625179413904 36.682022475804963
127.307240147433106 36.679515175418601
127.307530045395254 36.678316022780663
127.307162270977287 36.677832504656067
127.306792699672187 36.676564856302335
127.306233024772297 36.675471489089702
127.305205348345027 36.674237604177016
127.305564525983499 36.673538752723189
127.305420325258396 36.673168099927004
127.305492215526215 36.672836512489553
127.305987244959596 36.672489873182009
127.306091861347824 36.672248601115129
127.305828377320637 36.670999474157782
127.305847653488698 36.670574203257175
127.305270053191919 36.668833103773721
127.304857946103809 36.668128405605636
127.305090466717587 36.667569854788113
127.303894746255594 36.667064320887029
127.303554896972344 36.666671230888056
127.302957773526572 36.666388413777376
127.302856286570332 36.666075683294459
127.302319033733824 36.665746465063002
127.301222323732816 36.664082575767281
127.30101457836227 36.662047226130746
127.29974560292581 36.662189984903243
127.29831158428324 36.66142280050569
127.297252396612507 36.661108570933038
127.296752326095429 36.660782345316171
127.295927423131971 36.659570021035229
127.295414038789858 36.659800798867771
127.294622306915457 36.65961229686382
127.292939290486601 36.659835138500746
127.292093667532313 36.659451037100574
127.289159951623787 36.659322276163806
127.28868824046458 36.658898218063875
127.288761720349584 36.658590342928136
127.289086535007144 36.658137402698756
127.288798401812571 36.657881991434188
127.289043808712819 36.657405992758164
127.288898324562766 36.656747784000608
127.288126790546244 36.656256871980524
127.288051673544018 36.655784781976884
127.287575994113396 36.655565535398871
127.287381832174461 36.654958699475443
127.287000031167281 36.654574050352664
127.286807527370456 36.654196632251548
127.286621659038701 36.652863990933646
127.286270699461525 36.652240701847411
127.286149445316923 36.651672309418792
127.286487842750731 36.651054353220808
127.285787484986798 36.65007050343921
127.285176525980177 36.650072617551601
127.28491958127637 36.649957858296759
127.284402480342365 36.649992472693519
127.284062271512752 36.649413407201777
127.284103990930006 36.648735724912363
127.283670875456636 36.648700823290781
127.283463451078092 36.647798764739761
127.283630574573223 36.647358899079009
127.282849680601871 36.646964942516753
127.282494968039146 36.646111099086326
127.281619587476726 36.645142891067685
127.282206324276288 36.643203735524679
127.282778011483643 36.642293808495879
127.280586711661797 36.64137847840987
127.28005813754163 36.64088532834969
127.27951573764868 36.640696889532009
127.278584518217585 36.641344385275545
127.277009103546234 36.641866611328226
127.276489909227891 36.64133290158793
127.276050582523069 36.64008305986696
127.275650455060671 36.63980367612762
127.276448174311085 36.638556362422584
127.276855106548481 36.637358615454986
127.277164642282656 36.636815403901927
127.278371751711134 36.635749157265728
127.278801082986334 36.635195171888363
127.278925407401744 36.634936430471519
127.27892529425354 36.634025561141954
127.279397446294126 36.633518026066724
127.27996936203192 36.633971859648945
127.28085045171575 36.634304548708286
127.2808257350204 36.634389294387049
127.282281817973839 36.634600943953451
127.283413921089775 36.634495452000081
127.284927047947406 36.634191252645095
127.285017835547094 36.633772428417529
127.285469374246262 36.633856698871654
127.285900596111631 36.634183282974163
127.286009214742663 36.634711374961647
127.287229872280065 36.636126855700425
127.287385045951851 36.636063449792168
127.288448731037064 36.636698781130498
127.289211893991961 36.636894289027381
127.290262870540118 36.63694266924908
127.290783700926951 36.636810957062345
127.291408035811628 36.636437384112071
127.292158943489838 36.635640200169739
127.292205124982218 36.63491176909551
127.291674493912865 36.633850865418694
127.291829153651577 36.633673553981914
127.291520061353779 36.633027234247635
127.291125041466628 36.632600167639737
127.290873641189506 36.632007753435261
127.290700171334862 36.63106792031342
127.290737980157516 36.630136675063255
127.290988149055806 36.629229378991099
127.291191997970188 36.627526468751853
127.291759460715511 36.625622986186087
127.292011589242563 36.625036808340397
127.292512750232007 36.624673250356821
127.293936789082053 36.624385474201411
127.295827399393346 36.624571866854041
127.296302544766519 36.624240214871016
127.296359108790668 36.623387758705043
127.296200529329255 36.622007567134972
127.295759400891853 36.620538417816498
127.295912987394857 36.619699922531424
127.296409120788908 36.618975009108503
127.29888307492196 36.618661377296924
127.29933083879024 36.618280124742995
127.300061607347786 36.617193749723725
127.300265215798191 36.616455403965304
127.300051286240219 36.614360127211611
127.300141821098194 36.613897259633013
127.300711843280112 36.612912091907077
127.3018073247421 36.612813742241173
127.302000121874158 36.611442304352508
127.301883212160348 36.611035495165552
127.301184505118613 36.611696629732258
127.301176594354104 36.611619395372429
127.301589563822532 36.609295742290335
127.301207843868923 36.609197695873647
127.301291971788189 36.608613273161041
127.300616948365416 36.608410176487446
127.300128544849301 36.60773154211293
127.30117426963163 36.607661505670443
127.303253924009326 36.605656691665516
127.304948736352642 36.6043650581585
127.305721711427765 36.603378312368655
127.306184645748004 36.602563053645518
127.306409483348602 36.602037776124732
127.306601589260154 36.600938219895276
127.306479394117446 36.599644911009378
127.306125244423342 36.598714324500911
127.304947379487146 36.596641433486894
127.304703580475163 36.595812398395928
127.304602438375952 36.593959663314855
127.305000458032126 36.592288003022006
127.304843319664812 36.591389809661479
127.304361214821355 36.590654872022718
127.30376455097317 36.590047443078554
127.303531047883183 36.58983283726198
127.303335135342451 36.590033862964368
127.30216721706897 36.588792311079025
127.301430131927901 36.588343078109062
127.299864712274669 36.587696612817673
127.299449040057425 36.586882666288339
127.29956170744704 36.586327015366642
127.300001673607071 36.585864812769799
127.301439368112412 36.585557845432618
127.3018283256622 36.585324551606632
127.302491057742458 36.584306761485365
127.303870436838722 36.583396692167327
127.305767742837929 36.582995705782999
127.307548059759782 36.583043821897064
127.308775546652043 36.582831194585545
127.313205901070418 36.582872101920891
127.31525623811234 36.583267205716076
127.317009503248556 36.583370117966901
127.319044665823398 36.583732550272984
127.321439369348738 36.583779682988357
127.322726201132355 36.582133750491231
127.323045437342259 36.581915155554
127.321491456402356 36.581309521097445
127.321628311090095 36.581069354704717
127.322955584704687 36.580555091090844
127.324648978256278 36.580376870772881
127.32488275116863 36.580255081321987
127.32526163081765 36.57956889982075
127.325027658182037 36.5795885489851
127.324757278158756 36.579022821954872
127.325310503952466 36.578370842627059
127.325454924876709 36.577712379955742
127.326458087846362 36.576871782497307
127.326585866256224 36.576524325638196
127.326840991306369 36.576326370625765
127.327024897675102 36.576338079016296
127.327229390668393 36.576029224098463
127.329423895241106 36.575313374330442
127.329780861470795 36.574878746704087
127.330078535078243 36.574798473674498
127.330968332162911 36.575053831069738
127.331244787667771 36.574923277879854
127.332151793027592 36.574169387537687
127.332263633946283 36.573947740356267
127.332016172915075 36.573472168481594
127.332414530148228 36.573010932469543
127.332507733474841 36.572585744893338
127.333752811630703 36.572223052604201
127.334078731330436 36.571724662724343
127.335764464548845 36.571063992986112
127.335769341326142 36.570606508039383
127.336550208819503 36.569986073705152
127.335154549244123 36.568096137785943
127.335467340291999 36.567263298249564
127.336204446054992 36.566169989963605
127.336262893451234 36.56580757817715
127.336584401099387 36.565347707620148
127.336610562407245 36.564734328821672
127.336909989575773 36.564095950172259
127.336821086409728 36.563957695739859
127.33705560967347 36.563141983622167
127.337016778854931 36.562839390564477
127.338085183540699 36.562343278207685
127.339068319893286 36.562796933776042
127.339611056053201 36.562883155835166
127.339953399794425 36.563314606498935
127.340748247997539 36.563647291771183
127.341546256448297 36.56358053947514
127.342352743506638 36.563664117675224
127.342845844181852 36.56445806832771
127.343250946315479 36.564655708238341
127.344183276827096 36.564554726910579
127.344464785638507 36.564324675030385
127.344437086503376 36.564118566974415
127.3433937705842 36.564392833194866
127.344433389538466 36.564091028438604
127.344506034872083 36.563995138505355
127.347127927340594 36.564453398916143
127.347385482730417 36.564087098506711
127.347849639938872 36.563855816790479
127.348994966375031 36.563813392923009
127.349476093589985 36.563521659221223
127.349883893033777 36.563068478628132
127.350265099805085 36.562890470712155
127.351001376212466 36.562211668749569
127.35194789910301 36.562143050832006
127.353119365315209 36.562227690419434
127.354877133697073 36.562824334059123
127.356161695290595 36.561856043505784
127.356259883283116 36.561684535135363
127.357135314857999 36.561829892598091
127.357645054099564 36.561811341760063
127.358413841281362 36.562036039381717
127.360484240743247 36.562276906105588
127.36147682239968 36.563842710171713
127.362403596437304 36.564427721964101
127.363303448732907 36.564259951145957
127.365276171184234 36.564230114026088
127.366093623961149 36.563937631384306
127.366493386882809 36.56399993669843
127.366909140022116 36.564492127324037
127.367751179489744 36.564770426312187
127.368010387897101 36.56501591175688
127.368186895299644 36.566056902974296
127.368359058792137 36.566272736337332
127.368658008884253 36.566369138276599
127.370759442944276 36.566485050012012
127.371592016147972 36.566825459157471
127.373044578307315 36.56695955169716
127.37664899999595 36.567756891677746
127.376858248132578 36.567700694611823
127.376805037918444 36.567871348218731
127.376938241436832 36.567942010099131
127.377548793452277 36.567828932710185
127.376990669309862 36.566624160506521
127.376783675893023 36.566418353116262
127.375843923543243 36.565893800451377
127.375031256417515 36.56571052604437
127.373960224011341 36.56523545407952
127.373010927862708 36.564623722408406
127.372041777926313 36.563568526207305
127.372386131677132 36.563438185334753
127.372794120947759 36.563724920922638
127.373983969025232 36.564064218311948
127.375557438090823 36.564164985393887
127.376055168040466 36.564407783299217
127.377103057410849 36.56393472697728
127.37717504004118 36.563851232795109
127.377073223725574 36.563762478287614
127.377935062593963 36.56299974162453
127.377938507022648 36.562841687497169
127.376201648581485 36.561564255615316
127.37613793973712 36.561475612432012
127.376501092069773 36.561190948448655
127.376491451798458 36.560943714782859
127.375004797007875 36.5602141242329
127.373167861509359 36.560151686106401
127.372704833125553 36.559958805354583
127.372546981753771 36.55972424586372
127.372763231807369 36.559622526754787
127.373095687044653 36.559134129124836
127.373212470127157 36.55838055150771
127.373593297529084 36.557715711744819
127.374396810663001 36.557683290940346
127.375561662004969 36.557878524788876
127.376427180192849 36.556826619711472
127.377090200251004 36.556275280385357
127.378096656721397 36.555166772787153
127.37862387706862 36.554213721096239
127.379230713495176 36.55258619199202
127.378925539336024 36.552529377883012
127.378712274079192 36.552189321275812
127.378965437146448 36.551551210432685
127.37842932442183 36.551101101772829
127.378524919315254 36.549806195877864
127.379179720182478 36.549387474982943
127.380282717354319 36.549195683664308
127.380993881961544 36.548934263958515
127.381692590781782 36.548876050941359
127.383186031857306 36.54786464276895
127.382671298819631 36.546377565017458
127.383873641686861 36.545476145712968
127.383999010629509 36.544502457157591
127.383795821039527 36.54396743704347
127.383929261579354 36.54380777864403
127.383505957779363 36.542855583743588
127.383566828768565 36.542198917037126
127.383884375946323 36.541532742996807
127.384382961922711 36.541219475359533
127.385086510311879 36.541052268555696
127.38568282454159 36.541257675652417
127.386742460928659 36.541014407997281
127.387250335631109 36.541240720914629
127.387815572432814 36.541144089475381
127.388266218353323 36.540749751459366
127.388981450415301 36.540386487680195
127.389805835312259 36.540311048268073
127.391275551489031 36.540538063260641
127.391845367734689 36.540408138746898
127.391986300805129 36.540152742685528
127.392334226051076 36.540013811397998
127.393172509199616 36.540033896713567
127.394238924201076 36.540282149809265
127.395468967455301 36.540040768786014
127.3978219166803 36.540212902617441
127.398532707914228 36.540550457049683
127.399186146815694 36.541164433667909
127.400193537028798 36.541783721963107
127.400993392864038 36.54142429302275
127.401515040654829 36.541493202589109
127.401824666496651 36.541240484765794
127.402128433970631 36.540408776278909
127.402464333502948 36.539940377986888
127.402669042829885 36.538639013603593
127.403202873692535 36.538065559401289
127.403249919247486 36.537821382793176
127.404130311210182 36.537926884053853
127.405012662929408 36.537311010298829
127.405243499672451 36.536607096760029
127.405379902835335 36.534221162676957
127.405851616158088 36.53298415490962
127.405579271894069 36.532177926606593
127.405621645677499 36.531396233932909
127.405861701725684 36.531204199106604
127.406249807418476 36.530570759793193
127.407057404466812 36.529768777059694
127.407943806954961 36.52902933857424
127.408521683430408 36.528831054768368
127.408544299786357 36.528521253007995
127.408308781957288 36.528099135640971
127.40797548393337 36.527810734862577
127.408411698715412 36.527180899410894
127.408190799828873 36.526378898502408
127.408483556185061 36.525376885253813
127.408691014278531 36.52528861155821
127.408713756901165 36.523954738451117
127.408601126681233 36.523691187635897
127.407655243719546 36.523078021921009
127.406800708575403 36.523167610251477
127.406180061428515 36.523798461389973
127.405592196020521 36.52374884632961
127.404328456484379 36.523925732836709
127.403127860958605 36.523327108279943
127.401920357726055 36.523763274169319
127.401493164561373 36.523653811774913
127.40089610799977 36.522666592429353
127.399378800323419 36.521690637171616
127.397889403724022 36.52134623246058
127.397673873578213 36.521049443269916
127.39763501884272 36.520578285400134
127.398722051812811 36.52017207646486
127.399036030452265 36.519951311835072
127.400019028786247 36.51964551088723
127.400363369465339 36.519024364160614
127.401171296504543 36.518988390917272
127.401386220947174 36.518480570984323
127.402240389540935 36.518159707259343
127.403063084186613 36.517623644571657
127.403753705094786 36.517378666417422
127.40413931755127 36.51687692473476
127.404173470715477 36.515524023679845
127.405352257773046 36.513027965350872
127.404682845193648 36.512676594160318
127.404947948720022 36.511946131293222
127.406225034875504 36.511782375279395
127.406487031749322 36.511309710432172
127.407431645321623 36.510503443788217
127.408807907249155 36.509947282685417
127.409043968405769 36.509748432101503
127.408503026872339 36.508965427388198
127.408918375876581 36.508277158341869
127.409066315822542 36.507425125185918
127.408865995655361 36.507170551704029
127.409063176599446 36.506638850009963
127.408785170926734 36.506316910231348
127.407807993382661 36.503303661795442
127.407588152862076 36.503258210565924
127.407622990903121 36.502978601672218
127.408135430217087 36.502500258585371
127.408187894895022 36.502118896114766
127.409001891232109 36.501882172574028
127.408362276677536 36.50117984894429
127.408357234648733 36.500941468105005
127.4078833740341 36.500147389846006
127.408219790967877 36.499552622779703
127.408701247968878 36.499467670003646
127.409427626894413 36.498828205772433
127.409425028048219 36.498439018165186
127.40968736432653 36.498336463187947
127.410333823518556 36.498345135499697
127.410633380284565 36.498055922566621
127.410803579213592 36.49775228378985
127.410562254266026 36.496278411851797
127.409994351966702 36.495972255852443
127.40982635110737 36.495320808230588
127.409455519745904 36.495427869546454
127.40941393611368 36.495206934354542
127.408476770232113 36.495285667802932
127.406719232192671 36.494791568459753
127.404516259240225 36.493885114036594
127.40432788993985 36.493710911991784
127.402781891318838 36.493414713190802
127.400295544973289 36.493444054705186
127.399815341761425 36.493349839578215
127.396999820526034 36.492347245313468
127.396120552797356 36.491721472849974
127.393349118823195 36.493563223544022
127.391981289930513 36.494896888687919
127.386932421651622 36.498638717201707
127.383854971043732 36.500230689836251
127.380336548376974 36.499539298558922
127.377591202813818 36.495619274422182
127.374214171178423 36.492537522066634
127.37270107204175 36.491379758627154
127.370819637166818 36.49015777206241
127.368905226393878 36.48959033765847
127.369154193774051 36.488583373750224
127.368473479186775 36.48829992483337
127.36814305523292 36.488226875150048
127.363450259454709 36.48961122481419
127.361938174495677 36.490311661125901
127.360983935318245 36.490883919989109
127.360114794760392 36.490030770624799
127.360229376978836 36.489737823459002
127.360154808756647 36.48853811478736
127.359128758280363 36.487317605350817
127.359060933095236 36.485237281384407
127.358420704694936 36.484788892258457
127.357990368894065 36.484179091831635
127.357763303251303 36.483181206628387
127.358101724825246 36.482529666530326
127.358780311918494 36.482560851018903
127.35878860301645 36.482811186216864
127.358856859631047 36.482564859608608
127.359069104478621 36.482384561393722
127.359024330298837 36.482165031572222
127.359277107396494 36.482075285286022
127.359419145779356 36.481875201055097
127.360258224422978 36.481619808047419
127.36082051922557 36.480597836363572
127.360773428059957 36.479952250340837
127.360433754819809 36.479187843509834
127.360571047508614 36.478599170408891
127.361089160549199 36.478173484340616
127.361581431050709 36.477023043069075
127.361761904275767 36.476986172465182
127.361985713460541 36.476751476865154
127.36184179216059 36.476657291332117
127.362029755729907 36.476736977879511
127.362182561024795 36.476602749419463
127.362223958371047 36.476280194985357
127.362464317696094 36.476000949551079
127.362897890862513 36.475918534219858
127.363890850570186 36.475218814338774
127.363986432175167 36.474816684483969
127.363753311592475 36.474172502744231
127.362915145869181 36.473588437602331
127.362710143528119 36.472843367055418
127.362249133737947 36.471891504549028
127.362025437369908 36.471735616473538
127.362081892099937 36.471202640317109
127.362361409681611 36.470692078159992
127.362179407059273 36.470578299175173
127.361517363596718 36.470707864944401
127.360755266297588 36.470464318509336
127.360322866278324 36.470075878248096
127.35978165626824 36.469831365964978
127.360016695880987 36.469004700958273
127.359731187767522 36.468562309038916
127.359718908538795 36.468204423955243
127.358991464372707 36.467604221399377
127.359375593620896 36.467318650669782
127.359643684870747 36.46674843659374
127.3598953270469 36.466537325175231
127.359973453086127 36.466165356425442
127.35997683270719 36.465876698336992
127.359837522705718 36.465911763476178
127.358847370606355 36.464925143383688
127.358849767075327 36.464457663675773
127.359273780702679 36.463828128119978
127.358685534202067 36.463887050373565
127.35849814673476 36.464419290916872
127.358549708771164 36.465058395735554
127.357916082928654 36.464837812993402
127.357228218794134 36.464305085884924
127.356737080194179 36.464516913072899
127.356066646225685 36.46401932439732
127.357032177310785 36.462563343796376
127.35717058435867 36.461723455639053
127.357660852618565 36.461478970731342
127.35709471731289 36.460722843471849
127.356973554418218 36.459995233373235
127.356764703309196 36.459799306821147
127.356890932399452 36.459459573154788
127.356678854485764 36.458974160629204
127.356771104777977 36.458754777228407
127.357752218094447 36.458129788941797
127.357938543485474 36.457404083727184
127.357908336566709 36.457051030909703
127.358087426730719 36.456797334469314
127.358370330674134 36.456685530510775
127.358621533029265 36.455895700173279
127.35806450595436 36.455448214470337
127.357877704089915 36.454849496105702
127.357558434931107 36.454442677281271
127.356556826893666 36.453965784593031
127.356001887258145 36.453929705144539
127.355760537842855 36.453557299017021
127.356120002795407 36.452539045377463
127.355836592822754 36.451578184694597
127.356129109257111 36.451018329158984
127.355798576449544 36.450273037932959
127.355330479768682 36.449934799945424
127.355137813299933 36.449958179213468
127.354344144179308 36.449506847879796
127.354223138420764 36.448956674507535
127.353964965938104 36.448827328507512
127.353815598291632 36.448324249249517
127.353307274482134 36.44768677519528
127.352097022078709 36.447022066727094
127.350789726861962 36.447603764626265
127.349646781889078 36.447761135351868
127.348957012653344 36.447072078420845
127.349010944391097 36.44685254434166
127.348252747035545 36.446406424822278
127.347316827927443 36.446203277686408
127.346411140521354 36.44554665115519
127.346045255140226 36.444978014992252
127.345333050048481 36.444365589136424
127.344858177983042 36.444248667411507
127.344650715699487 36.44379954446886
127.344623902358364 36.44332847761531
127.344260465851804 36.44315379612059
127.343730798518791 36.441117588104099
127.343200961352395 36.440191194769945
127.343034684535723 36.43934992486804
127.34310830842611 36.438732145464343
127.342581253589813 36.437880374317331
127.342199087205756 36.438034941109869
127.341667591406704 36.437997020592405
127.341318756025942 36.437324689259299
127.340900725493967 36.436890790945952
127.340913545357481 36.436633355403494
127.340160082814293 36.436160134702149
127.340147247511084 36.435973180633056
127.34077814150757 36.434711466208952
127.340542615319521 36.434124409977883
127.34047567577727 36.43332060516876
127.340688526573103 36.432898142360173
127.340593293099346 36.432235214410383
127.341008947098857 36.430972134000491
127.339815887262588 36.429968197120893
127.339462202382052 36.429896258585217
127.339056403264479 36.429658879215715
127.338835391635087 36.429159361373593
127.338042877070905 36.42878002034788
127.337572656022658 36.428348788929533
127.336806611385612 36.428209569425633
127.335855006145522 36.427827001279603
127.334717975296499 36.426985335066263
127.333639931661665 36.426810369002411
127.332727893156203 36.426504803486068
127.332251644841165 36.425549491887551
127.331537415839236 36.425165943436134
127.331436100727515 36.424939807288659
127.330920508257478 36.424603305213481
127.330423946141138 36.424393740036408
127.330262206479986 36.424050898003692
127.329149101342523 36.423321486537972
127.328014427900428 36.423132539622756
127.327339073483586 36.42274771341016
127.32739557897267 36.422676603426986
127.326998816400518 36.422334388589256
127.326307804389742 36.422117469354163
127.326316727046859 36.422208976218535
127.325866350362887 36.42250250965305
127.325506826565601 36.422605713229885
127.325047013849229 36.422477686504237
127.323379846784377 36.422734816000826
127.321990372468107 36.423414413995545
127.321697784211025 36.423695674483184
127.320553459270144 36.423273229796834
127.320336484512083 36.422917571927215
127.31976575467985 36.422588206977743
127.319206606791084 36.421462958174786
127.31903005936357 36.421492704776249
127.318088766287431 36.4209883211849
127.316446994125926 36.420460410616606
127.316371060370457 36.421070858508685
127.316017760125007 36.421551945420731
127.315707244073792 36.421541219652894
127.315212413283277 36.421922124810621
127.314941226311433 36.422381022916923
127.314560536291779 36.422723055896689
127.311661972133834 36.423661347399666
127.311619549466855 36.424080776458567
127.310956217898706 36.424687120741936
127.310295242454941 36.424882861247916
127.309544601198283 36.424559823461877
127.308586878516138 36.42447583329141
127.307526973904928 36.424779325066339
127.306877776614826 36.42473338835277
127.306379841371253 36.424829841086833
127.305035504479278 36.42479468732278
127.304133533137644 36.42458014058343
127.30350161450427 36.424675802668531
127.302614329012499 36.424154236419866
127.301920583043042 36.423124434680702
127.301851381200393 36.422530690713593
127.301466420432547 36.421826780396934
127.30086147193272 36.421954749168194
127.299662156726029 36.42251787480145
127.299430086774379 36.422928482000792
127.298269690111496 36.423194113675407
127.297003668747323 36.423127981383253
127.296465116674199 36.423264766438756
127.29554628513101 36.422728869252197
127.294247912561943 36.422255559537675
127.294209460013278 36.421437014827461
127.29458383300161 36.421379783583276
127.295178583567818 36.420855070625485
127.295189095172631 36.419945162821584
127.295313882010689 36.419771662062743
127.293486005933445 36.418577331626345
127.292246155687906 36.418738897636437
127.291248023102341 36.41868444249566
127.291299659176659 36.418513655999668
127.291127805654881 36.418541107698871
127.291080103339894 36.416155678759203
127.289580050243913 36.41609059331298
127.289209913041162 36.416014607382522
127.288782684806662 36.415761617197795
127.28681052924162 36.415314638029841
127.285732606879336 36.415151340865485
127.285199276083588 36.415275960194414
127.284593645044311 36.415209242643769
127.284325495955997 36.415054715641965
127.283361905009556 36.41500123018254
127.282124282341371 36.414603964431485
127.282100439812524 36.414999378421037
127.281121501447316 36.415348126275532
127.279861659075507 36.415396200048491
127.278282162192198 36.414578626599045
127.278220533446657 36.415227921079087
127.277891939819966 36.415723771606054
127.277539225179638 36.415545190590414
127.277840507939956 36.415141776260981
127.277951836218904 36.414625981544852
127.277571302221673 36.414209405828331
127.276794582664238 36.413862875386393
127.275689133254446 36.413948719675062
127.274566179417278 36.414264060958644
127.273000239279966 36.414843131238598
127.27197100946087 36.415532197794207
127.269515229727958 36.416259221065417
127.268214716207765 36.41676139648343
127.26685178888215 36.41706323027482
127.265740898679027 36.417195019628693
127.262818954327741 36.416734702352969
127.260824960881521 36.416010207291613
127.25980792059012 36.415518575126626
127.258870945317341 36.414610909751417
127.2586455056164 36.414243071882268
127.258647358618418 36.413300121154663
127.259563484693373 36.410354352866115
127.259116302640493 36.409107991962834
127.258473873837758 36.408770284690767
127.258096232131408 36.408325300587549
127.257323668268242 36.408029441040966
127.25588924616585 36.407945281727763
127.255236623681213 36.408123965076108
127.253690161806375 36.407692618427781
127.252791140062712 36.407070636507804
127.252262049541955 36.406994726076569
127.252157220987101 36.407397416421318
127.251659998994683 36.407115041506479
127.25102865228979 36.406954605656267
127.25079570394459 36.406758401468942
127.250824568573023 36.406842429102952
127.25057887058783 36.406842752523225
127.24995407937071 36.407402090737769
127.249494970705697 36.408189949184951
127.249541494128692 36.409193227835146
127.249380015484576 36.409522821312649
127.248702723605803 36.409943355963527
127.248571209235124 36.410259405018984
127.247274223950896 36.410693513464892
127.247254900102121 36.411170214128468
127.245579345582684 36.413431468238841
127.244790960246306 36.414105001640749
127.244347074876643 36.414644213055873
127.243695030530702 36.414766122137145
127.243284208789518 36.415048551671546
127.243149587293161 36.415461664568475
127.243044497307153 36.41740064627723
127.244521694382598 36.418343479776979
127.243664594674954 36.418839852351915
127.243086510441813 36.418822953388037
127.24225929252367 36.418615572105296
127.241235959079489 36.418821636745534
127.240856431659381 36.418512037739276
127.23993654573259 36.418392924293194
127.239064668718882 36.418546518728576
127.237857590031638 36.418573452603965
127.236880562114564 36.418797419628248
127.236260238588812 36.418656525806185
127.235625908014214 36.41880800623013
127.234401579209589 36.419400192188711
127.233360433553898 36.419509465711819
127.232597999909004 36.419864612508825
127.23192534857948 36.419909484756019
127.231708564054429 36.421945121274085
127.230786895608645 36.422396961457714
127.230178706140151 36.422430416915894
127.229564022658735 36.422336566897677
127.229131549865869 36.422505747075817
127.228779836588046 36.422796266469305
127.228446766634292 36.422570221546458
127.228293907493423 36.422272766606042
127.227676392497258 36.421820961289633
127.227534531391996 36.42152273902915
127.226932938581257 36.421221302261316
127.226222417288568 36.421978272429264
127.225643164864422 36.422294768013764
127.225443321830781 36.423140560494566
127.225501879989721 36.423418215573115
127.22529958114022 36.423988831644621
127.225468500299527 36.42431307736679
127.22523490506083 36.424664680255383
127.225234175043454 36.424993280192233
127.225020121418993 36.425269578719096
127.225114637406293 36.426650162609974
127.224541338133733 36.427174717385398
127.223625980539538 36.427235614398064
127.223208957429947 36.427479522356144
127.222524967495374 36.428226762494866
127.222450811486354 36.428545865310035
127.221203015747577 36.430239356562211
127.22021002258991 36.43046236997646
127.219602151060244 36.430757106492223
127.219423110208439 36.431380019663912
127.218695765468851 36.431865934845618
127.218113971493523 36.432850293171803
127.218056658690443 36.433315378101341
127.217707339408022 36.433737499783241
127.216590762485893 36.433800526412249
127.215326097471063 36.434389463104338
127.214631368357658 36.434436057992038
127.214230152657677 36.434619954406422
127.213449161284544 36.434606355882067
127.213173313417016 36.434822215151691
127.21257317649976 36.434960127618275
127.212678241819432 36.435609982974022
127.207121184106896 36.436145735266827
127.20505381097918 36.436893871655052
127.20155060732661 36.438370369589883
127.200489900255292 36.43886412120159
127.198933681073399 36.439884447429883
127.199867565261798 36.440848977760567
127.20016840514397 36.4409945193376
127.2009568922673 36.441101884203185
127.20110991359401 36.441249571875233
127.201018165369732 36.441567167471355
127.201498993327831 36.44221280032928
127.201362115166262 36.442050531140367
127.20125139847913 36.442578725073865
127.201382590791638 36.442702279740956
127.201135419411045 36.443416969912633
127.200918085748853 36.444896654838907
127.201533097534153 36.445479489040913
127.201723502121567 36.445794899643097
127.201816920322429 36.446316882633745
127.201007960342338 36.447347980448839
127.201008496400789 36.447810004632849
127.20139577133709 36.448501185329064
127.201342457816168 36.449115970358399
127.20045732812757 36.450306950102252
127.199545691759525 36.450691613785658
127.198516446286732 36.451748220894956
127.198399464812795 36.452206679315516
127.200004411214536 36.453001209651944
127.200784796816521 36.453583132130419
127.201202424675387 36.454154650871246
127.201763091533095 36.454301393250596
127.203077858461143 36.454265393623004
127.203267067110815 36.454612372152432
127.203252765667557 36.457488968821686
127.203841210437631 36.45839815160992
127.204733511480299 36.459290239873262
127.204311965195956 36.460314490466097
127.204492346979677 36.460545546916322
127.204046726370379 36.461200605811719
127.204185399313204 36.46200720113184
127.204126506952406 36.462518321402435
127.203856381001643 36.46284985536829
127.203569295254823 36.462975313351258
127.203638690189607 36.463668084016156
127.203276708806968 36.464977734958971
127.201085904575407 36.466802951258948
127.199820786803045 36.466235268607846
127.19945109555853 36.465832505493808
127.198641622188362 36.465616251994348
127.197907845063057 36.465967491148241
127.197377029957266 36.466541984569545
127.196370390944764 36.468122041706252
127.195723660386207 36.468459461248173
127.194747625139186 36.468759559788744
127.193884108047953 36.470117763370844
127.194028527946017 36.470748716867568
127.193482984326863 36.472568919018279
127.193054141125629 36.472829940813909
127.192644405453166 36.473275966638766
127.1920173994301 36.474666513142068
127.191979157649769 36.475331075611621
127.19173228740334 36.476067993878843
127.191914934307874 36.476336021275401
127.190481962060701 36.479470995922966
127.191544932647247 36.480470302120445
127.192309110136875 36.480758404247041
127.193450036648002 36.481536840182123
127.193255742964709 36.482604133620754
127.193521322514172 36.482957230830081
127.193775172448497 36.483706446421422
127.194162929645103 36.484333544155305
127.19482169176294 36.484386051594775
127.194790565908718 36.485454436963707
127.194868918042587 36.486047332986942
127.195048103072807 36.486345216072536
127.194788814952176 36.487233629690095
127.194744577471582 36.488042712737972
127.194910675010306 36.488829669545488
127.195074982583776 36.488949339741957
127.19481978587477 36.488936632796673
127.193981188771687 36.488588656281927
127.193942936922241 36.488716878687917
127.194738335921357 36.489066025476454
127.194675497788523 36.489593599025937
127.193497949727558 36.489567175917102
127.19265229586901 36.490194321001255
127.192188573280163 36.490399353892656
127.191815166009832 36.490369887809351
127.190102940524866 36.49095692901475
127.190067260541426 36.491357567860689
127.189630295891902 36.49152880977757
127.189580818418307 36.491744638933291
127.188314607893858 36.492622061390627
127.187319965133526 36.492806937345115
127.185988804941047 36.49282511639273
127.185446343076038 36.493208942762351
127.183358774497094 36.493382992333949
127.182815378574361 36.493320772523219
127.182152549410645 36.493040972326583
127.181576192429688 36.493106195193114
127.180958061374909 36.492586566956689
127.180430292300926 36.492555880612883
127.180037809725576 36.492076409127819
127.180203962945583 36.491811230437833
127.17926979256093 36.491758032306372
127.179056223922103 36.491875076262907
127.178718610789815 36.492416379979666
127.178374262240396 36.492338678210714
127.17784857809086 36.492576666539151
127.177382931916569 36.49250682217518
127.177053833449264 36.492603973299026
127.176873685994451 36.492835365977513
127.176834550311014 36.492480793261066
127.176297250892318 36.493646443888402
127.176231701504932 36.494128027186619
127.175147279506788 36.494564197666804
127.174876206330126 36.494786285567244
127.174639274741779 36.495831253635458
127.1747767794933 36.496221818517434
127.174627844026872 36.496673162030739
127.17448514771803 36.496813407298617
127.173429460468 36.497137050304538
127.173240088205389 36.497441082507237
127.173364985024648 36.498300583386516
127.173496906010769 36.498518983095721
127.173415326375277 36.498670433081784
127.173593379660687 36.499020651833639
127.173465868670334 36.499206669251251
127.17383400265237 36.49949964228351
127.17434283409672 36.499577236662091
127.174915184925965 36.499884067854907
127.175232371349779 36.500135361018202
127.175328020593611 36.500381703582285
127.175695432562307 36.500556286435689
127.176487767428938 36.499882942714677
127.176858951102886 36.499829184755207
127.177193468562947 36.499933036738334
127.177503199780432 36.500369116396442
127.177618510002418 36.501112638130444
127.178487672492196 36.502112025087989
127.178582832084615 36.502525070498379
127.17750977417856 36.502425351374889
127.176834544569687 36.503008974963606
127.176915241268617 36.503016145138524
127.176193314631618 36.503134371676246
127.175850649908213 36.503444122626455
127.176616276517507 36.504523795310078
127.176260805613808 36.505336295782996
127.175965830907103 36.505413487058021
127.175163753783067 36.505085341589989
127.174593849433961 36.505439168300356
127.174258236475808 36.505931034694214
127.174458209820088 36.506340687859385
127.174186332306192 36.50644114551514
127.173935542127495 36.506733768902485
127.173592443126282 36.507362491252202
127.172608260980056 36.507944103060652
127.171770520382083 36.507994962585705
127.170279646852052 36.508723075610845
127.169989701792773 36.509037914857622
127.170830418354768 36.5094356000115
127.170665232017654 36.509735547504128
127.171167849406501 36.511069370316775
127.170162294527785 36.511554388798494
127.1702632733559 36.511747697907751
127.17074400480665 36.51187672817727
127.17095922749472 36.512057148096623
127.171557090333224 36.512742088777095
127.173186399953863 36.513616627104504
127.173534076552414 36.514910579076599
127.173990359877109 36.515505876185507
127.174640618532365 36.515652580179008
127.175711408065382 36.516607417093425
127.176746369463942 36.516629224619848
127.177252410158758 36.517490112743083
127.178403348075037 36.518046607413368
127.178584441110587 36.518285162790178
127.179641634337003 36.518882930365038
127.179896311504791 36.519215986004966
127.180072539748096 36.519850770006236
127.180458458118267 36.520235522272131
127.182072144917186 36.520766722514196
127.182348728173864 36.521438081628339
127.181728934714798 36.52224132699898
127.181355063422401 36.52243804589628
127.179576534220544 36.523988261529091
127.179828050793461 36.524367243800135
127.179631059728464 36.524872495244054
127.179258887333148 36.525248035347907
127.178808993437926 36.525337484380415
127.178699611127925 36.525496349937562
127.178748975358047 36.525952625769406
127.177759547531025 36.526990501338496
127.177823851199776 36.527266147543664
127.177531635791354 36.527892108720678
127.176728614803437 36.528014514739979
127.176269260026857 36.528378503894935
127.176130991548362 36.528725251778674
127.175733436310935 36.528881983068707
127.175788032755449 36.529282884830678
127.175222192913623 36.529994265541589
127.175410093982094 36.531579781137403
127.174934724184894 36.532140167666604
127.17480764628759 36.532643073037441
127.174922150252684 36.532980143999559
127.173018360828152 36.533456891449887
127.17305173857001 36.534089122647821
127.173292457324465 36.534472662549334
127.173258066238333 36.534923331044112
127.172560040308568 36.535743106162329
127.172668449024926 36.536143615451934
127.173917695174211 36.537633608073023
127.17396331363345 36.537895224937067
127.174343250001542 36.538254808681543
127.174895271311783 36.538480960611871
127.174236613726507 36.539218423965075
127.174331321889056 36.539548501957213
127.174160557130449 36.539868122549088
127.174250909870395 36.54024829409822
127.174182350084251 36.540578796725995
127.173796583043625 36.540752069865768
127.174240554375075 36.542189518320313
127.174974824688945 36.542773899118032
127.177174840693411 36.544087780652283
127.17877874135651 36.545520406317124
127.178955892701566 36.545564163922791
127.179624835735254 36.545460785806952
127.180103851919881 36.545542480744004
127.180475105560944 36.54539675046825
127.18079512041443 36.545594728313922
127.181174484035694 36.545599392606796
127.18133328037699 36.545370236349854
127.182133625352378 36.544984218217927
127.182584427461848 36.544595467415057
127.182792955380052 36.544106100183718
127.183805415957039 36.543748422524502
127.184058228156218 36.543867899188641
127.185035246273003 36.543662704906254
127.185237487438016 36.543874486670468
127.185805294893981 36.544158000576942
127.186360359334799 36.545100929257181
127.186973972895913 36.545549214249341
127.187007960516127 36.54579769459076
127.191826860416739 36.546025391013742
127.191601305964383 36.54679676900323
127.191767003409211 36.546820538418622
127.19145847062282 36.547265997068841
127.190663740353784 36.54783870218526
127.189265229713897 36.548480309268207
127.18821932771155 36.55000399782454
127.186114327930127 36.552320869450874
127.186719392700738 36.553015578594184
127.186755193698133 36.552941674329396
127.187927986173037 36.553058941616953
127.188343005428905 36.553272177748752
127.188792809696579 36.553800594251918
127.189267101158919 36.554720403572709
127.188978561610796 36.555309699432485
127.18901846954509 36.555572650785997
127.189549872365944 36.556256224270946
127.189467370153722 36.556956505411939
127.189335390910713 36.557161570342657
127.189442856207378 36.557340791212766
127.18984513354782 36.557401775845783
127.190571182178317 36.558149042881816
127.190609634710412 36.558233876897901
127.190244623952609 36.558561868426494
127.190238408067657 36.558693246674636
127.190449968869615 36.558921341716797
127.19052544980299 36.559528554287205
127.190697926260526 36.559911609346379
127.190901164282764 36.560096975126392
127.191305454601533 36.560225185794501
127.191791564648895 36.560738802083506
127.19176001083072 36.561546635674247
127.1925151645206 36.561578355118598
127.192947084580027 36.561822295054107
127.193186888625647 36.562199549069504
127.192625883518318 36.562828493003522
127.192758709437513 36.563211381792293
127.192676766700941 36.563481556185017
127.193787722552926 36.564812513728462
127.194277404251181 36.564749020847259
127.194897052977964 36.56498320606827
127.195783098814402 36.565001897381066
127.196280229139845 36.564924624243545
127.196779577846385 36.564641631756551
127.197245458281941 36.564669821308186
127.197487257851364 36.564546753295545
127.19784788390173 36.564804625529163
127.198184323170153 36.564769692315039
127.198654820882737 36.564943779475826
127.199200730024259 36.564944562528879
127.199388513012977 36.565018072485294
127.199861311018381 36.565754002733023
127.200240789305937 36.566026283481676
127.200704705414338 36.566003819184601
127.201071534063132 36.566333716219333
127.202157310219732 36.566833540575807
127.202593863108646 36.56727296691971
127.203100013999389 36.567443716422048
127.203148047692551 36.568203151724894
127.203031903003762 36.568712850445579
127.203488876213697 36.569913503710623
127.20335208610544 36.570715208443978
127.203623307162957 36.5716630813317
127.203731591952433 36.57265495443751
127.20413161314265 36.572831040799372
127.204374313317274 36.573418848163683
127.205016548096111 36.573775019498875
127.205322649229373 36.574217766559656
127.205859172586798 36.574604473051551
127.206394487086342 36.574789756129157
127.206861948242789 36.575289739691044
127.207031229970198 36.575848370550219
127.207394801746204 36.576257968119073
127.207537782986122 36.577638977335603
127.207751322507079 36.577959493674292
127.20747097237988 36.578304768338626
127.207562795865513 36.578499765902436
127.207333715386881 36.578752189805705
127.207137321925558 36.579343901114292
127.206506850292811 36.579781481736035
127.206143229990317 36.580323636803428
127.205843083312814 36.580506352829183
127.205665003068219 36.58076939330401
127.205380874189856 36.580807052010847
127.204864339590074 36.581095730692113
127.204396623503342 36.581160733168439
127.203649715198452 36.581614823869259
127.203102065222666 36.581556907119754
127.202486369475224 36.581649457265016
127.202076232633104 36.582045531642727
127.201700726980931 36.582050937182764
127.201492613544403 36.582256294683518
127.201242804472656 36.582195040157849
127.201058979864101 36.582334467633672
127.200826200216099 36.582317122862086
127.200399286199769 36.582567613336899
127.199306986495372 36.582540431641945
127.199214710274973 36.582087195834987
127.197950915553179 36.581552817665106
127.19751830238836 36.581552972965824
127.197485752861667 36.581384340801954
127.197013110057924 36.581093943580427
127.196601731841341 36.581002250349918
127.19623559178558 36.581193214930316
127.19562172919413 36.580904724989601
127.195066143707379 36.580882253709511
127.194466754915567 36.580655408695023
127.192955973604427 36.580817226781043
127.193095415930088 36.581436545915558
127.192386290467638 36.581947941973681
127.19200141784529 36.582552042934765
127.191069751780759 36.583100410302741
127.190888005703442 36.583527892338843
127.191187198878126 36.584502618711106
127.190741238044822 36.585056400657308
127.189879979437279 36.585776980622839
127.189255406956192 36.586839055949106
127.189496055053169 36.587364435610965
127.189572403650232 36.588389079195082
127.190115272488441 36.589198964610823
127.190047834876324 36.589897452416238
127.190368860638884 36.590223038920037
127.190372332060491 36.590574476799475
127.190684935057121 36.590954432125102
127.190718096379982 36.591377912781596
127.190509401600877 36.591651396737866
127.191002415179469 36.592620183010517
127.191336064999092 36.593530934448005
127.191350850809485 36.593937539647868
127.190999675123194 36.593926544008738
127.19001166769192 36.594622554939775
127.189227832065356 36.594559027616356
127.187969970974294 36.594076350847111
127.187051666612163 36.593488397945677
127.187086654592676 36.592932160977391
127.18726559298284 36.592840085402862
127.187395547811263 36.59256982092954
127.187336123147162 36.592324363191409
127.186454175237415 36.591961892130612
127.185295786386433 36.591724323762101
127.185065712822066 36.591533745821316
127.184670739860081 36.591450160372418
127.184646875442866 36.59125869433116
127.184456161523556 36.591162125800444
127.183923433968587 36.591456080623537
127.183635921263971 36.591858372478114
127.182902243054059 36.592465237151785
127.181934619383753 36.593016679267905
127.182087165965058 36.593293259060516
127.181947262530088 36.595145026080992
127.181683734998614 36.595510105860477
127.18080379025335 36.595713061424277
127.180631438891155 36.595939452192965
127.179562676548372 36.595972304759592
127.178655071768503 36.596683590460636
127.178533121853434 36.596197436194871
127.178308193148624 36.595958401313204
127.17861812469306 36.596712641982293
127.178411566176976 36.596874596325975