129.346396412117031 35.464961749695675
129.348972662334461 35.452288269669467
129.345783835535116 35.45230236360139
129.346311428911775 35.449506214066155
129.346789400614057 35.449229516842685
129.346696181107745 35.449102717274094
129.346970278592977 35.448952352388361
129.347428443205246 35.449080386837615
129.347393597589303 35.450005596419224
129.347500216157727 35.450169085246316
129.347980219991598 35.450194333099276
129.348752545530829 35.449549888242309
129.34843239855627 35.449367122522496
129.348452993706985 35.449112507408849
129.348144081234778 35.449283507382603
129.347866201905305 35.449250235610826
129.348044801130953 35.449166911026147
129.347831218996959 35.449039412281508
129.34766509183379 35.448693994435743
129.348078878901077 35.44823397014482
129.348026194440678 35.446591742587657
129.348233761069338 35.446191308936733
129.348150810032536 35.445936513399474
129.347842562868863 35.445895072747554
129.348155814278869 35.445921978978234
129.348534268726723 35.445548219343237
129.348614308422214 35.445614740017
129.349046266877565 35.445200130915943
129.350178348555403 35.444495199171875
129.350865619744837 35.444437268145137
129.351320644400914 35.444615418735893
129.352639794441615 35.445713779095477
129.352563620806336 35.445942265547195
129.353850013328554 35.446766295831466
129.354292808377551 35.446426778391569
129.354296014248632 35.446320937614296
129.355681222623986 35.446366480524951
129.355850471817405 35.44652039568065
129.355818392639037 35.446747853390086
129.356147138000239 35.447131682810451
129.356322567893415 35.447297936029777
129.356739084933508 35.447391780890825
129.357970610286003 35.447638173061677
129.358281381273315 35.447347881644696
129.358525333733013 35.447338778279288
129.359549994595199 35.447760466101187
129.359875338993618 35.446328767236587
129.360108699396193 35.446316276171324
129.358808117917278 35.442830390443575
129.351368781287391 35.440009860846679
129.351553417364755 35.43891480472184
129.352041599242966 35.438933748860308
129.352142620315334 35.438699115511959
129.352871145791056 35.438936366798643
129.353439052175133 35.438011124666282
129.353720808352023 35.437893511572021
129.353533666638612 35.437684782711216
129.354535591238346 35.437213564718171
129.355526511840679 35.437514340841147
129.355589276161197 35.437615049178603
129.355237196043561 35.438264436939811
129.360136831080069 35.439925512817815
129.360288807648629 35.439637994906199
129.362632031221551 35.440436155458009
129.362487284100325 35.4407256194947
129.364635305943523 35.441446793947428
129.364738431977827 35.441237083086691
129.365119222200661 35.441358108977703
129.365187007307952 35.440784268002339
129.363713719763865 35.437890237155585
129.364044701738749 35.436866485025881
129.364653550246459 35.435331981532471
129.367828915553361 35.433418826969174
129.368113905057783 35.433123775053708
129.368248509399336 35.432766358158453
129.368131224148811 35.432207092126816
129.367207647189019 35.430728863135982
129.366853032232314 35.430358327161869
129.366079861030187 35.430896600161823
129.365718874033661 35.430861024349973
129.365245958315626 35.43096729913303
129.364644039113784 35.430741404321864
129.363880002259236 35.429923193454897
129.363928896336859 35.429200692846102
129.364052331246711 35.4292083709799
129.363994488388556 35.428838025612841
129.363452740451834 35.428504913647899
129.362833024693828 35.428589041153593
129.36090853932069 35.42803673920158
129.360391830399465 35.428039195390362
129.359770072835431 35.427808927631915
129.359715467077592 35.427699923075956
129.358876237675645 35.427892279566414
129.357454481940351 35.427552656633814
129.356750380641728 35.427651125176283
129.356428408303174 35.427563626515763
129.355268327020553 35.427772394129974
129.355027567256883 35.427944302944482
129.354326710281299 35.428005415640186
129.353878730656561 35.428335007646261
129.353234951848805 35.428002832388003
129.353012691549736 35.428044011485916
129.353090458910998 35.427821441083992
129.353512832013195 35.427812188866568
129.353511260013335 35.427096643951266
129.352690351354056 35.427100115816494
129.352219135544203 35.426261401808006
129.353530749369895 35.426261253516401
129.353514849851933 35.422834880562661
129.354667428762582 35.42282957742534
129.354713878021442 35.419606950972401
129.351872964964144 35.419581959465646
129.351579438355117 35.418178812008641
129.351933208098558 35.417281765792502
129.352221337866041 35.416862342532923
129.352608334395029 35.416383973846102
129.353424296627765 35.415711095498793
129.353455595404483 35.415540746615974
129.353252935234877 35.415549178465952
129.353288381232517 35.415471652591798
129.353836694348416 35.415144770957426
129.354203205793226 35.4152424848292
129.354587284532698 35.415177369431369
129.354887605131012 35.415396320808995
129.355259279475575 35.41549077163765
129.35596011662517 35.415485219601365
129.355970073491221 35.415352832844896
129.355740515528538 35.415212667531591
129.355315412107245 35.414400940016407
129.355305855146497 35.410428869974055
129.35541283377907 35.41034572597956
129.360180782150962 35.4105649197028
129.360858987559084 35.410778227009828
129.361074575298005 35.410607165349354
129.361466147517689 35.410525079164643
129.361556461289069 35.410783197969508
129.36251161670134 35.410860725645506
129.362621456488142 35.410773889388842
129.362611076933632 35.409234453037172
129.361865291903825 35.409238284876906
129.361656244586868 35.408898609129565
129.361652568410733 35.408626613174732
129.361537616587015 35.40860574802786
129.361849263730051 35.407613681875283
129.361387037780247 35.407195319000095
129.361092087643556 35.407111780598548
129.361030619999781 35.406736467914008
129.360934511248473 35.406753680606791
129.360993627569087 35.406492971352016
129.360356771949029 35.406197206817581
129.360207922177636 35.405834717529096
129.359697978857383 35.405709506390266
129.359198193146113 35.405271678830736
129.358725497687203 35.405096618819755
129.358095166499794 35.405180554941985
129.357697011104619 35.405079917512253
129.357564079161619 35.404664020206496
129.357758531444404 35.404272637645619
129.357728519990417 35.403906883327416
129.357438411732346 35.403799301647588
129.357423713095898 35.403110120055295
129.356084521297703 35.403107118744323
129.355761516505709 35.403377550083697
129.353575457521629 35.403285617713685
129.353533688405008 35.403143151743222
129.353208773764862 35.403105161553668
129.352794657254634 35.403262383962463
129.351714455491873 35.402950529907393
129.351436743371352 35.402300469541053
129.351783290558075 35.401960499181151
129.352019087156862 35.401733891966998
129.352349135484104 35.401677620144419
129.352595435617502 35.40133262984358
129.353584428072509 35.400639705624506
129.354145171561782 35.400690445158382
129.354237177068086 35.400596845516276
129.354487410024802 35.400686948872469
129.354662426569433 35.400416493941407
129.35449818496491 35.400327906245316
129.354865411797249 35.399908541961764
129.354686757362714 35.399397505975806
129.353754000906463 35.397975820623643
129.353757156076369 35.397787617105351
129.354040495903718 35.397823194566506
129.354123521074342 35.397139188516995
129.354689127694542 35.395811694229131
129.355041109221759 35.395747698783616
129.354926892056397 35.395171705734803
129.354979344491682 35.394080141846572
129.354348101979468 35.393029044786765
129.35404718542469 35.392833211468798
129.352046616543248 35.392606250860034
129.350872799778045 35.392143184980959
129.349646040487045 35.392360933140608
129.349098826129449 35.392057927650825
129.348706215835563 35.391607813441652
129.34832523192938 35.391442768473141
129.348099086360236 35.391108741258762
129.347872148937086 35.391052429048599
129.347792263364312 35.390906122279894
129.347019325074342 35.39044498743722
129.346881025353156 35.390452719622012
129.346881384692978 35.390358873664681
129.345899353501721 35.390164703896097
129.347227114817485 35.389019864262181
129.346098438143628 35.389027739856353
129.347308093868577 35.388383898711545
129.346143885102464 35.388927059470056
129.346908268930406 35.387001775580636
129.347562884062057 35.38584885895272
129.347507182389791 35.385588628362676
129.345895019773167 35.38380385222672
129.344917140983029 35.382035639438065
129.344683152869294 35.381149949664149
129.344347627574905 35.3810950116181
129.34455192589553 35.381030915922565
129.344383896243698 35.378214408338984
129.343668657429106 35.378199536324537
129.342053836791678 35.377787960604614
129.343321180768584 35.378073731610399
129.343211303681159 35.377765134006609
129.343364757348326 35.377866810125717
129.343520284491575 35.37771391217472
129.343978653877031 35.377752902644019
129.34366279611578 35.378140624814932
129.343773521623234 35.378188360405964
129.34439202165845 35.378100828346788
129.344522494535482 35.377780274123587
129.344739438303748 35.377858658453377
129.345331676136965 35.377708716895171
129.344882767824544 35.377232692051791
129.345128398468233 35.376804489963497
129.345112958620859 35.37636841349984
129.345455412751619 35.37612086574029
129.344936357890617 35.375704680785567
129.344977431366516 35.375370589879758
129.344861239227981 35.375026607846088
129.345056546433398 35.374823337352517
129.344974711785341 35.374684685994929
129.345412520523809 35.374334973254683
129.345207086863752 35.374150553359044
129.345313985560125 35.374018413500465
129.345513796745337 35.373884134306252
129.345725430653175 35.374103344910537
129.346916570829421 35.373643689633248
129.346631020631065 35.373120082931038
129.346709641506635 35.37306712223706
129.347186604912991 35.373539473152512
129.348524317654096 35.373992264103784
129.348919645574114 35.373913173104178
129.348982241792555 35.373990803845174
129.350260472716286 35.374142373032818
129.350390721796799 35.374083465453971
129.350843172730947 35.372725161508413
129.351022134131057 35.372617504335587
129.351574029731239 35.372542719630871
129.352701590245488 35.372167825287669
129.353816825154809 35.37202299967791
129.355115826015322 35.371373564222061
129.354842430834424 35.370715293414676
129.35555381666768 35.370114636885383
129.355162778811973 35.369425886230317
129.355896872718091 35.369237784523911
129.355997119824025 35.369112414568527
129.356330203384147 35.369194781812674
129.357122801214786 35.369087276975321
129.357447251857508 35.368644261241691
129.357370360214787 35.368607281307874
129.357143073056051 35.368922357238148
129.35633354992126 35.369029163814965
129.355942418523028 35.368883099461989
129.35571631482631 35.369070046884246
129.355255869649142 35.368832816859673
129.354336696756462 35.367858610593238
129.354613021302612 35.366623267694322
129.355030452800861 35.366331155650848
129.356254565406971 35.366554880667309
129.356476122003016 35.366193270030209
129.357930258748297 35.36493148811681
129.359698224819908 35.3645415055923
129.359713724132064 35.36437616683147
129.360330907314136 35.363710496536264
129.361231822253785 35.363225017644375
129.36141414136182 35.362679366199529
129.361330269031612 35.362662743280161
129.361190780113219 35.363080964866477
129.36028790722483 35.363558815103865
129.360093353523695 35.363335523034408
129.360072285737857 35.362584759942976
129.359665464787838 35.362570301456984
129.359606211469099 35.362193527465394
129.359846325129638 35.361172080928526
129.360533384944489 35.360509329674414
129.361347264776214 35.36008067510847
129.361377076921997 35.359893607664098
129.361678428805845 35.359921326776458
129.361657082938791 35.35939590324444
129.361458787039282 35.35936919308223
129.361462226174979 35.359031016840866
129.361084613616526 35.358572648370519
129.361114343669726 35.358121395435909
129.36076288367974 35.357847934876609
129.360501041927648 35.357251877167606
129.359974392276797 35.356804925756862
129.359467274033705 35.356574140771102
129.359383711922248 35.356132597329278
129.358528917824742 35.355500506228445
129.357893719329553 35.3554632727772
129.357371815311069 35.355229421966612
129.356470731746356 35.355354777653353
129.356014731902974 35.355221107397021
129.356046295873938 35.355150486506062
129.355033891765657 35.354697456383981
129.35491333697189 35.354933170717686
129.354534263183581 35.355124637450551
129.353505615885581 35.354691398887404
129.352805350342607 35.35452219460651
129.35277814110944 35.354600571389618
129.353033640966117 35.354702903477623
129.354008979614122 35.355004068880255
129.354200891660838 35.355298826517043
129.353894740414859 35.355544563206351
129.353384205582813 35.355659121377926
129.352882275978288 35.355502652450596
129.352975102985482 35.355234257798422
129.352867917701758 35.355212964824666
129.352712463919602 35.355666122763495
129.352485445701944 35.35565788625069
129.352370008877983 35.355768939611941
129.35138860425289 35.355449761201754
129.350569780196935 35.355513391747579
129.350157966371086 35.355357696698995
129.349983463995926 35.35541145901329
129.350030739032007 35.355114337654335
129.349762570034329 35.354407880680547
129.348942200995424 35.354139494232371
129.347959282544309 35.354117538650129
129.347685196659938 35.354007191236214
129.347568568057966 35.353927578119851
129.347533158324495 35.353647639203786
129.347387186285971 35.353626785888693
129.347090093977528 35.353228801396099
129.346819518746884 35.352675803338045
129.346475675026397 35.352639740998448
129.345797373906379 35.352829663691736
129.345778043631611 35.352681812015597
129.345240378236781 35.352542898598536
129.344976707796405 35.352260813737985
129.344899497928822 35.352299573621174
129.345044175422629 35.352755825681854
129.344812564975655 35.354132530159724
129.344528991509804 35.354342829310866
129.344172612312605 35.354400920936271
129.344095936864022 35.354590226360514
129.343683856654081 35.354865467355815
129.343512331743909 35.354731178417175
129.343311594783245 35.354946107387875
129.343069385797264 35.354856876438078
129.34312318574564 35.354533105217847
129.342761413775662 35.35425647547163
129.342581828691237 35.354206229064047
129.342455461030141 35.354287190740848
129.341764026165549 35.354129182027549
129.342492840503297 35.35445093636293
129.342692410804261 35.354677695188329
129.342503356746647 35.354832652022822
129.34228444750886 35.354496436966656
129.342208200966127 35.354540095593762
129.342536045367552 35.355071238483411
129.342810744516214 35.355207851298381
129.34308476092005 35.355537420100021
129.342667320750962 35.355958010676439
129.342133764696712 35.356248749428964
129.342123309216817 35.356399867231744
129.340165829736264 35.356978482080159
129.338772880419953 35.35693230016706
129.338699544192053 35.357023330864742
129.338682347463788 35.356869766812508
129.336166342464452 35.356599613320796
129.335896523563065 35.3564736525637
129.335923719007894 35.35634779802929
129.335212248631223 35.356129337744669
129.33466497485432 35.355698817659118
129.334554550194071 35.355881666500188
129.333933227390787 35.35541898969857
129.334076958633034 35.355338800326066
129.333293742587074 35.354220845603933
129.333503716528242 35.353853593567479
129.333227604864902 35.353237514662041
129.333226726762518 35.352890968110707
129.333733152282065 35.352122165123212
129.333339925630696 35.35096337103618
129.331926744912209 35.349208232603942
129.331944593008245 35.348825734952179
129.331751990870828 35.34830267450203
129.332032059541092 35.347923056276798
129.331916517651393 35.347653255017605
129.331174099700348 35.34777022791819
129.330943075377661 35.347625573748971
129.331287773739547 35.34765143903013
129.331325893815688 35.347521995303381
129.330914066374675 35.347398087028665
129.330918737908689 35.34730772577371
129.330220372006664 35.347202721330014
129.329950552876113 35.347224302437866
129.32996840137119 35.347353269178178
129.329702038031201 35.347356327184933
129.329140850107535 35.347231223000612
129.328412192001423 35.346916300171344
129.328628644824988 35.346850900450363
129.328629860883012 35.346721413210524
129.328266791438097 35.346729939391658
129.328259688084302 35.346807210923231
129.328011550466584 35.346587760584463
129.327846491786005 35.346587070697502
129.327536108584439 35.346218528444211
129.327957628734623 35.346903215794711
129.327892573519904 35.347371763559586
129.328170270546281 35.347577010502732
129.328100810545379 35.347721815346567
129.327608071751911 35.347887186435194
129.327073786953633 35.347887013451228
129.327070713948672 35.347685954793768
129.325719829646829 35.347691082271481
129.325687411622482 35.347906269757843
129.325661796773147 35.347472838553479
129.32532862919237 35.347444051110841
129.325331310694793 35.347650086179542
129.32512837837325 35.347667132929963
129.324938496457918 35.346768842657518
129.325402433538926 35.346675034471076
129.325371692792231 35.34655540321527
129.324662856275779 35.3466961131723
129.32419394309062 35.346631569471022
129.323760495537215 35.346799263259882
129.3231707967565 35.346843755079099
129.322162595997753 35.346524490724015
129.321838869628408 35.345982365438708
129.321816648633273 35.345645302654589
129.322189707294029 35.345738168140898
129.32231506226492 35.345669172728542
129.321816417409195 35.345528212449864
129.321625573798997 35.345195318819734
129.321321641741832 35.345087414887267
129.321272583262839 35.344343169280073
129.320933471326271 35.344278954397701
129.320468278792021 35.343508326044962
129.32033808475768 35.34358275829122
129.320329008672161 35.34349857163005
129.320683137560906 35.3433767245306
129.320970132409542 35.343045856788663
129.320681525433884 35.343235347267679
129.319610226679259 35.343095690325278
129.319276500719212 35.342947282029712
129.319359243756338 35.342486398235579
129.319592792929939 35.342209357050415
129.320329297712732 35.341895063056015
129.320764946152593 35.341972869064449
129.32123642684644 35.34270215419324
129.321420653351282 35.342714582687961
129.320903810637532 35.34194729219039
129.320758410638661 35.341880239318236
129.320871181992089 35.341549840799445
129.320734844047735 35.341227617361895
129.320190565112824 35.340836608417284
129.319819459282996 35.340149966651211
129.31986769537906 35.340052190230246
129.319611732441075 35.339828957340508
129.31961596986531 35.33924587997862
129.319744895553498 35.339180600246678
129.319743574384262 35.338939048993112
129.320083581779585 35.338707693907203
129.319199685440964 35.338327786891412
129.319250281036318 35.33823713395762
129.318831878199859 35.338139285752852
129.318823713548653 35.337660262585693
129.318939598026304 35.337619056241856
129.31872679661538 35.337626600148873
129.318775827494761 35.338176765716049
129.318570709538733 35.338172067233458
129.318335288402324 35.338466263706621
129.317774397731597 35.338775435477324
129.31662579078872 35.338964405458604
129.316285024498114 35.338679618785413
129.316287620695277 35.33848683689066
129.31661436348756 35.338463326273285
129.316062119162069 35.338340111559141
129.315861224604078 35.337480545839675
129.315435243112233 35.337158834695856
129.315306571970439 35.335523256430903
129.315161678816764 35.33535832059205
129.314736240968926 35.335196671618853
129.313945952669826 35.333864305982964
129.313633153109379 35.333887998690507
129.31393949941949 35.333833704666482
129.313814768963994 35.333195925198311
129.312970569725479 35.332274371585598
129.312437158899058 35.331191991666422
129.312424034866382 35.330456138568771
129.312116532799905 35.330012692928399
129.310361587599402 35.329730937476334
129.309805461863363 35.329326300958712
129.308961037796195 35.330140743939076
129.308712290774224 35.329863741094485
129.308427463789627 35.330161027640685
129.307732211865215 35.32988136100186
129.30807018040008 35.33010126601571
129.308032940087941 35.330162659582896
129.308321606425778 35.330240640020385
129.308108575805448 35.331018465354546
129.307994850569258 35.33114988753843
129.307369499671637 35.331349104974194
129.307340583805967 35.33122643567544
129.306283977312432 35.330938390787196
129.304837123407111 35.330329200834029
129.304738840502068 35.330432414815085
129.304139586187574 35.330162338152718
129.303725915626558 35.331290101809508
129.302706920678844 35.332302111248644
129.302183722600176 35.333628370558749
129.302406218500352 35.334312760738463
129.302771416967545 35.334915720694056
129.303665171934227 35.335616613272101
129.303369176438764 35.335878781999817
129.301811540420459 35.336730123146367
129.301425385745574 35.33675788727588
129.300314792590314 35.33603224132851
129.299937730036248 35.335968313511188
129.299497950498534 35.336141272062115
129.299344013173481 35.336105057674501
129.299113898111756 35.33630387080116
129.298398679194008 35.336251577156482
129.297794309843141 35.336388222705722
129.296012537850885 35.336473750257468
129.295474769160109 35.336754424866825
129.294970449989052 35.337197362463776
129.294355193641564 35.337460220729042
129.294137091434948 35.337938414888612
129.292332119726098 35.33769035519569
129.29188925383383 35.336817234139652
129.290991272247908 35.338009046466134
129.290906122326447 35.338730400116511
129.289774772461215 35.339264884974916
129.289086168739942 35.340474263834963
129.28732400269476 35.339892627836711
129.286178040199445 35.33933646596202
129.285506723428938 35.339220890984542
129.283891906950316 35.339783468529539
129.282616645518544 35.340065914820627
129.282265666765255 35.340319074398636
129.281726515340978 35.340284200458605
129.279662423754701 35.341370647594488
129.280280391623364 35.342009046963405
129.28071273808024 35.342963506712017
129.280822726348845 35.342927217647237
129.282101997447057 35.343897657427185
129.282569102915772 35.345121642437022
129.283449517118129 35.345435740162259
129.283880852636599 35.346083704214657
129.28383086434124 35.347543982998239
129.283350534750724 35.348599733416307
129.28394723649626 35.349346357492841
129.284357567087596 35.350345848340538
129.2849310839525 35.350732055525008
129.284187464713 35.352031701896465
129.284331497363638 35.352337886711389
129.283982155071328 35.35307775219291
129.282128022596908 35.354551272399135
129.281667693679537 35.355147213151838
129.281130137348129 35.35552694139357
129.280516196433382 35.35622236945251
129.28093882981122 35.35753744926204
129.280944360199555 35.359078624634492
129.281269295854543 35.360781325463741
129.281934120361626 35.36190625585207
129.282068680943581 35.362852529009047
129.282028372990993 35.363961346566185
129.282358850196374 35.364014522965654
129.282930536067994 35.363905025356559
129.283218675565138 35.364481343502199
129.283122635132003 35.365148562760055
129.280911814564092 35.365586211844054
129.279428210081903 35.366139511027036
129.278783291093333 35.367411782562414
129.278344822298038 35.367944648129942
129.277570339408555 35.369929243600431
129.277344178246324 35.371362858970691
129.276840656111148 35.372139106481967
129.275097373414695 35.374053945437936
129.273790574085126 35.374814042007408
129.273670528066077 35.375093667447125
129.273340799588169 35.375301776326708
129.272345808082321 35.377214735732785
129.271170561695783 35.377911380366626
129.270183139648537 35.378832988821394
129.269690507934854 35.379609154569181
129.267975460186989 35.380099634680853
129.268076209789967 35.380640230740305
129.267912921113606 35.381145365467113
129.266981934289703 35.382526432331659
129.266632121981928 35.383284281000506
129.266127959745717 35.383871270372872
129.265977118949024 35.384908098650001
129.265747570676098 35.385368300261199
129.265804405836832 35.385999116596501
129.265574985721258 35.386513378574826
129.265522131752164 35.387144290440887
129.264629799575687 35.386884909263152
129.26333798765998 35.385643933283269
129.262787785568321 35.385618048953752
129.262246901113656 35.385087944609239
129.261729458862391 35.385151701954648
129.2579731184926 35.384123182874902
129.257467257903528 35.384232450019546
129.256566326063677 35.384712072362589
129.255818679598008 35.384929910938482
129.25486283637423 35.38546376031335
129.254709225034674 35.385689357885319
129.252897053691697 35.386837834855669
129.250642234021655 35.387365171595597
129.250299256247501 35.386753045171915
129.250824796150511 35.385841603123289
129.250876287298979 35.384723852932005
129.24983855321949 35.383671447810897
129.248791199401779 35.383150849390731
129.246809152314 35.382749278789163
129.245996673875595 35.383444986460255
129.244853490794952 35.383870878484885
129.243950313193778 35.383638441699652
129.241979421857053 35.383353868852787
129.241552654692924 35.384247104444441
129.240971911102292 35.385068439098411
129.240221115011082 35.384303759033948
129.237016252537899 35.383561990872643
129.236431306739831 35.382986267587107
129.236097702167768 35.381724996856263
129.235399816168496 35.380257298503103
129.23334290481327 35.380540591282468
129.232441040949254 35.380740708095992
129.231748333166848 35.381057483115605
129.230196849691993 35.381141458715746
129.229238178193015 35.380701695222925
129.227949980140949 35.380469764605444
129.226838597098521 35.380615981746836
129.224813236070673 35.380421533321901
129.223700508440913 35.379954853674569
129.221884211561417 35.379822964637697
129.220474098518537 35.379293722940872
129.218536286380555 35.378954790234225
129.216501204840483 35.379345951682083
129.214743113422173 35.380412616315255
129.214214559403814 35.380296421596562
129.211563695254171 35.380778759636307
129.208409087925361 35.382334519063612
129.207947084010044 35.382452508089663
129.20738766466539 35.383210490253809
129.206541719993737 35.383725627168644
129.205090227784694 35.384341078570429
129.204783596682717 35.384900422060447
129.204355164237768 35.385216586046582
129.203664317903076 35.386290233095202
129.202577353178242 35.387238459533805
129.201169890779738 35.387781675792851
129.201772613424509 35.388453927285163
129.201872910846873 35.390623271403705
129.202033145953379 35.391160407705044
129.202815498298349 35.392610652664189
129.207805661270072 35.395784732501667
129.207902522362474 35.397082734864654
129.20891850767984 35.399432738763181
129.211685611354426 35.399890862537205
129.211890503897223 35.400763377251153
129.213808359904903 35.40208143279277
129.215219210570012 35.403606685095113
129.215208062338093 35.404396194894481
129.218883783507039 35.406971481780126
129.219071994500638 35.4076844532159
129.218887972684797 35.409302078364689
129.218175399640444 35.411529472714456
129.214788027149154 35.413020140161798
129.213900045703241 35.41407990311464
129.213079709963921 35.416024235345667
129.212863354122561 35.417363066316526
129.211420061623215 35.418733896319075
129.211456534844586 35.419062956812503
129.210239739328813 35.419747667642355
129.210093913477778 35.419641167992673
129.209558707180634 35.419715602536655
129.208644155801551 35.42006488384132
129.20694524032848 35.420007371236807
129.206517635878612 35.420181177360341
129.205630441898734 35.420260986606849
129.205042079583365 35.420616169219819
129.205029527959425 35.421097960766296
129.203279269283939 35.421013173350822
129.202137340502048 35.421547833909067
129.20194847556013 35.422048385850331
129.202151629000696 35.422727269556816
129.201016379945884 35.423188252952805
129.200157448335034 35.424147738619865
129.200456399244416 35.424605789691405
129.200786480590949 35.424709734625722
129.200542062978997 35.425230231742411
129.200932074254297 35.428073087309599
129.20109589053348 35.428150275454207
129.201066042058983 35.428536059719804
129.199943051606397 35.430451929631104
129.200727733139388 35.430686664108855
129.202112188780973 35.432074231614529
129.201920224602702 35.432587171854493
129.200921019559189 35.433776864181773
129.200331045617617 35.434434109669219
129.199847980905076 35.434626856707155
129.199821298163442 35.4351123381959
129.19963654161657 35.435204746629466
129.199939859698731 35.43511116094556
129.199557419391027 35.435287824200017
129.199363358284785 35.435583601482627
129.19934855539222 35.435866547555619
129.199061252325947 35.436174311322574
129.198443666693748 35.436459801441643
129.198451994624605 35.436840456895034
129.198006751517454 35.437091855271987
129.198008728813988 35.437339009754474
129.19711240916547 35.437711265034906
129.196502689212537 35.438343313790163
129.195271676525664 35.437795919469956
129.193362898791946 35.437485473881836
129.193362097154676 35.437147636457752
129.193025237823321 35.436961428545118
129.193112914865338 35.436780882834725
129.193361433835122 35.436868086632899
129.193360262611549 35.436374476022344
129.192948931961354 35.436130503941769
129.192796243851745 35.43625454117943
129.191482013253136 35.436224926368851
129.190754076024916 35.435618251905545
129.190513130448551 35.435088540674222
129.190242530469106 35.434969260757981
129.189773108033876 35.434893526404998
129.189625084057383 35.43502584446081
129.18974927369888 35.435076917513278
129.18949713460313 35.43520490917625
129.189120270303931 35.435127324641137
129.188580981945222 35.434756235050394
129.188307030722513 35.434748204950928
129.187850252875052 35.434853553236273
129.187160322021526 35.434825035153743
129.186418475491962 35.435262895565366
129.185546214310506 35.435181974721523
129.184987136482619 35.434954541368384
129.184442831595902 35.434484431718396
129.183698552685001 35.434150945036428
129.182850477442855 35.4339612518717
129.18282643510463 35.43382792979007
129.182069667001002 35.433522897195132
129.181531908869744 35.433354857427133
129.180184222922406 35.433342492682634
129.179787655462661 35.433061409764939
129.179005427504933 35.432753439191352
129.178271990458768 35.432248797751569
129.178437659325084 35.431834798397354
129.178045616625241 35.431879879157023
129.177757880115109 35.432262077669492
129.177657394500784 35.432582055172908
129.177450339459284 35.432790641477055
129.177487132003932 35.43325096936158
129.177206264231188 35.433706117725194
129.176948400000697 35.433821689509877
129.176690710796635 35.43369305885588
129.176745466841567 35.433632564400597
129.17511635648404 35.433111030217496
129.174326818667367 35.43339904188629
129.174138001266471 35.433612950185115
129.173569782014596 35.433432228013459
129.172830418057288 35.433615227551002
129.171076071527125 35.433417162443547
129.170633187294214 35.433269634946662
129.16993834073341 35.432346895938018
129.168910064683843 35.432189199411347
129.168049934053357 35.431792540507168
129.167608931922331 35.431798348664238
129.167137473803621 35.432139665703232
129.165645598357884 35.432120161965287
129.165276369483905 35.43298860075533
129.16519399710387 35.433609626889954
129.163468826930284 35.43448735379426
129.161951444205499 35.434987923152448
129.160814118270707 35.435124067502869
129.159463693854349 35.436198404045747
129.15847121026178 35.436498114201441
129.156681080260995 35.438115183820813
129.15619407065472 35.438470700578648
129.155091610543991 35.438874183687162
129.153448399240489 35.440166960166316
129.152769557316219 35.440826482508861
129.15204442661863 35.44186558307225
129.148835850618497 35.443499510114847
129.147796531715386 35.444142399879915
129.146427214436102 35.44397617347461
129.145589086876384 35.444253915561298
129.144324451369215 35.44537867790438
129.143152256182248 35.445654111962476
129.14176515023135 35.447045436558774
129.140466102171303 35.447629132068428
129.139593017136605 35.448529336035698
129.138088675786861 35.452108124449111
129.136483764681685 35.452748454397295
129.135670385006591 35.453490824250281
129.132822383390817 35.455497542075818
129.132401830504193 35.456097370041256
129.131284498446746 35.456353764661749
129.130883948343808 35.458165962418555
129.126384687006976 35.46167693986272
129.121766063833803 35.463442698942352
129.120582034806603 35.465493512314026
129.121690847798078 35.467488811062708
129.121271755076066 35.470106689468189
129.118837827157023 35.471957311618787
129.1185464624117 35.47237009605746
129.117559757319441 35.473984804124868
129.117699933480878 35.474737116551985
129.117125859469439 35.475152548783477
129.117398064302193 35.475887276496223
129.115957699904754 35.476701657472731
129.115695922867985 35.476640364297033
129.111355216450391 35.478470397396087
129.110950917350976 35.4789432388324
129.109628540222616 35.47949859965501
129.109439376298468 35.479661842445005
129.109143584226445 35.48030667607059
129.108322470018294 35.481074228401035
129.108722379546407 35.48168197596722
129.108634483767275 35.482266488034682
129.107991494817696 35.483250607609634
129.107947946700335 35.483911132066773
129.108958038793901 35.484878166891072
129.109268285139308 35.48537247263053
129.10937495071272 35.486596746855511
129.108954751489023 35.486936238073092
129.108823956958503 35.487889908561414
129.108508550649475 35.487922437470452
129.107971867504972 35.488210491840249
129.107459491940062 35.488650329300881
129.106789376641245 35.489477439931569
129.106601935246914 35.490723089728093
129.106265867814756 35.491292754388148
129.106218502881774 35.491820194008262
129.106684860944654 35.492909952267468
129.106330130546183 35.493838739915162
129.106723240008932 35.495135852251103
129.105221061766741 35.495643857566265
129.105085406487717 35.495809868187131
129.105267569363548 35.496465130934823
129.104009442639807 35.497282589899747
129.103253237540599 35.497389701262193
129.102599198712198 35.497672746943714
129.102213233000242 35.497640541791419
129.101289735558936 35.497272622006143
129.10045579783818 35.496619863677864
129.099531901975979 35.496479230573009
129.099363144874701 35.49662470290243
129.099147693891155 35.496609519302979
129.097877462307821 35.497155126933571
129.097134716872887 35.497725801937257
129.096791819188553 35.498146017870859
129.095942855061452 35.498031057369808
129.094895750224453 35.498116234813715
129.094644990328476 35.497649021533235
129.09433825119072 35.497618126998248
129.094347977030964 35.497392658319271
129.093464601765646 35.497893838246796
129.091621437256293 35.498204349822615
129.091128844420354 35.498145843733525
129.090618759524517 35.498305229766807
129.089260132517182 35.499199643487451
129.087331254387067 35.500725352506329
129.086441038442615 35.501839939821281
129.087025920770827 35.50153969885222
129.086256953862119 35.502022448079046
129.085083062366948 35.502305339300811
129.084662157826301 35.502299582547266
129.084467062786814 35.502166206862789
129.083623179646764 35.502486747178523
129.083204846127302 35.502473791190738
129.08166091757704 35.502848588835874
129.080326553818423 35.502843835311076
129.078250233685566 35.503542269659938
129.077247214270301 35.503719928845975
129.076933891408288 35.504044603405013
129.075745680777118 35.504740894476939
129.073601307613188 35.505118904374946
129.072601531376563 35.505508329166588
129.071695907451613 35.505640531134105
129.068812968758294 35.506822746581207
129.067294722094744 35.507825995466774
129.066237212662571 35.508245808819964
129.06440562841405 35.509256246178261
129.0616136481772 35.509625645369162
129.055897923486299 35.512790389381685
129.053636699364006 35.513811130553997
129.05263706353179 35.514448238338204
129.051914925273934 35.517059360627769
129.052154997964152 35.518079145401266
129.051158616036361 35.519092108706545
129.051056406534002 35.51984009536497
129.052189769210401 35.521339442595767
129.0524263365173 35.522508636150725
129.052112966236308 35.52440149887029
129.053307466649244 35.525740269182116
129.054270905530871 35.525905329865594
129.056569284504405 35.527109925387109
129.056828797569125 35.530699790592706
129.055823210427917 35.532267526087359
129.052046930513143 35.530890605089787
129.049510797752589 35.530318893520381
129.048234123792412 35.529579059077165
129.047652270915421 35.529461979204804
129.045819058029934 35.529453095585424
129.044022288139814 35.528947879688801
129.043245231896464 35.529119677722939
129.042302786451671 35.528595417173428
129.039264049512497 35.527549214870511
129.036582382731098 35.527012481397946
129.033928721615553 35.52622613779306
129.033334410459702 35.525828886108584
129.032455772470996 35.525679967985504
129.030048335825512 35.526242469169532
129.027343290410187 35.527114393740774
129.024152598079809 35.52579011636
129.022940590329455 35.525452630197634
129.020333855452748 35.524129146436238
129.019164893946567 35.524279164902786
129.019155962279058 35.52442350945649
129.018579009158088 35.524265865188866
129.017734813290758 35.52378830190635
129.017168564192019 35.523756552082986
129.016069257388722 35.5242674752146
129.015429758419458 35.52399982874708
129.015066216285703 35.52365244605906
129.014522886165906 35.52359658946741
129.012955381575722 35.523140763175626
129.011655996817808 35.523123268651226
129.010877892904404 35.523214165008753
129.009713128666277 35.524020770041666
129.009032496910805 35.523991801862152
129.009034021259993 35.525546977310711
129.009254452998363 35.52650529757998
129.009510152967096 35.527057326988
129.00969338787894 35.528060993081766
129.009504906904084 35.528071289638511
129.009550423335583 35.528319711835969
129.007597056119721 35.529108878917349
129.005346262973006 35.528996877906913
129.004272808046494 35.529179141530058
129.00185852768692 35.528912163773271
128.99777044057879 35.528114737382261
128.99539239017821 35.527824386740463
128.994585945720672 35.528130794447506
128.994579447713306 35.529469782838071
128.994663438088139 35.530431356950558
128.996207130869038 35.532257691590367
128.995921324660998 35.534312081638312
128.995921613267456 35.535247746905661
128.996431366534409 35.536195962370272
128.998021891767337 35.537646126153753
128.998833550862685 35.538542091048576
128.998566468376623 35.539090047170745
128.998961176274548 35.54000149359733
128.99834893516632 35.541720704974644
128.997329898701622 35.542199903401418
128.996684740469107 35.543037806931956
128.996591110957354 35.544035287067246
128.99699375938539 35.544972228184221
128.994401444890229 35.545755385719659
128.993999303609286 35.547248143641745
128.992875614737272 35.547395367878927
128.992291122419857 35.547371107034976
128.99094253945259 35.54896769822048
128.989347851971559 35.551604823018515
128.987424686867286 35.550710501671901
128.985483189717144 35.549544207928093
128.980921980582963 35.546373215341404
128.98038608618117 35.547034161105465
128.979679001977019 35.54863523422933
128.978785748371308 35.549689874991749
128.97702887684224 35.551563525260029
128.976187391336197 35.552233546660048
128.976078916395977 35.552497576586056
128.97520946829556 35.553227440228149
128.972916139526745 35.556062629890924
128.972006082637364 35.556422920239442
128.972367728014603 35.557122638555384
128.972228194469977 35.557939827256
128.971190343499529 35.560299981770974
128.971855617358955 35.560237624095642
128.975626803690346 35.561899261631943
128.977905476032475 35.563446998516355
128.979573300752634 35.563428304437302
128.98068297746002 35.563786053209085
128.981657612591562 35.563850155002619
128.983175741246043 35.565086303464959
128.984992454123329 35.564596612676546
128.987010893049273 35.565395931756896
128.988457508078255 35.566164584763484
128.989320132528206 35.566341418424507
128.989614209538843 35.566070221264326
128.990464016522111 35.56657910020629
128.993184075854543 35.567346120307803
128.994080206414566 35.566996927089875
128.995814233771085 35.567885498110734
128.997168711471971 35.569724472242285
128.997972417837957 35.570459484896141
128.999535215086752 35.571623459066466
129.00114029866532 35.572585883751955
129.002147807375138 35.573662080051321
129.003776968979366 35.576175683888764
129.005337245348557 35.577757411882395
129.006557558229503 35.578286731392865
129.007930720963742 35.58019162730254
129.009193469992823 35.580316895532107
129.010061147067489 35.580914924964745
129.01035989586731 35.580938273765604
129.01225468533255 35.58269746726085
129.013050813445034 35.5829655365485
129.014472814873244 35.582571779364976
129.017286711548536 35.583243472647283
129.018895432519457 35.583819932929977
129.019195843053325 35.584263639869611
129.018823299157731 35.585054288743152
129.019072491447417 35.586229590208355
129.018931929437883 35.58676123712624
129.019430019844776 35.587651891585168
129.020047485728895 35.588018650300789
129.020513452531048 35.588621450854355
129.021614966059133 35.589383294811178
129.022042826868443 35.589888080346974
129.022754886629485 35.591264956987487
129.022773995878481 35.592422832017853
129.022465218956654 35.59448528984133
129.022679927561455 35.595975624730322
129.023018964148719 35.596227357796657
129.024622857665406 35.599916153978583
129.024306214150698 35.601530927356116
129.023047875945139 35.602433286146294
129.022647978036531 35.602953571826603
129.022902604606344 35.604059011043226
129.023600856180138 35.609245517174728
129.023463624404229 35.610045858519754
129.022944280917415 35.611588703672979
129.023018416444131 35.613439429222829
129.022454859831271 35.614223359851323
129.020351605422462 35.615232166662388
129.019413497796478 35.61559423073993
129.018520852193745 35.615675332031614
129.016675287442951 35.61628860727189
129.01327675179715 35.615335166031102
129.011541520718566 35.615867091816384
129.008501352532875 35.615937436983614
129.007917240615825 35.616191659539837
129.006467490676812 35.618500283248331
129.005740913214197 35.619052772593633
129.004365478592746 35.619472758836906
129.002739789467853 35.620258456057961
129.003865497807169 35.62170775136449
129.006064624479762 35.623457668350689
129.009666385085097 35.625893425347165
129.012621734318515 35.626884330793615
129.014729281508295 35.627775776142336
129.016776531845039 35.628769830456477
129.018023179541274 35.629647759949563
129.018619027200714 35.630742169224433
129.020075718785421 35.634025619006209
129.02067209780833 35.634965528212042
129.020909215111942 35.635083107673367
129.02142838486219 35.635004142390095
129.023444628003375 35.635283144145504
129.024770789994108 35.636098826780412
129.026610729157767 35.636395483645359
129.028523441670387 35.634867384552457
129.028968583891469 35.63464454048593
129.030433539875276 35.634005916946386
129.032617276807315 35.633596459492232
129.033231671599367 35.63313673439022
129.035486223524913 35.632020914990299
129.036377916782925 35.632164099188479
129.036967056918968 35.632461729243481
129.037338208923444 35.63360332063457
129.037967438446543 35.63487164333177
129.040371908684335 35.636399061865561
129.040439797095104 35.63630988496655
129.040670117884417 35.637273246019866
129.041525499422505 35.638985744938516
129.042259897312533 35.639439069076381
129.042412596801057 35.639859438679629
129.042841881742135 35.640466540263617
129.043343403625045 35.640967471100865
129.043485047233389 35.641638453712865
129.043830722896104 35.642035113241199
129.044486310134744 35.643486567390127
129.045099302182138 35.64630152844579
129.045919423974993 35.648143132900024
129.046078888226219 35.649127381484753
129.046901080560986 35.650517606974013
129.04931281469544 35.649970172062396
129.050148347306475 35.649926936227367
129.050584034075712 35.649480111340019
129.052046443761498 35.649059995601561
129.052787502274214 35.649262362251825
129.053068878443327 35.649243774764109
129.053722706971001 35.648868532741808
129.054803693830877 35.648495442063862
129.057682054033336 35.648256248703973
129.061639464896189 35.646953814234003
129.064002922258993 35.646415356212728
129.064700876274657 35.645773333230849
129.065708613953262 35.645627936903097
129.067156042669353 35.645744196633352
129.069302270554488 35.645413516342238
129.070539382494644 35.644892719492354
129.072197606794049 35.643713628292566
129.075546021681845 35.640355888896174
129.080854798763283 35.643253139975279
129.081362792607479 35.64516367509939
129.081130148622492 35.646835138963787
129.080688562304971 35.647953073369507
129.079764385056194 35.649113131088782
129.077977579818253 35.649882855990185
129.076176543400862 35.650917350486843
129.072176668887977 35.655638230967597
129.071100823364986 35.657079328940526
129.070359147331601 35.658635896530704
129.068076245455416 35.658563447174501
129.067893228961111 35.658798493904776
129.067469792890961 35.660897978410631
129.067572941178867 35.661433056539401
129.067273360064462 35.661991950779601
129.068453034383566 35.663742900507522
129.06817417865102 35.667100454263725
129.06903956989396 35.669052212983587
129.067153487253165 35.671346468770373
129.06809482535067 35.673190641959366
129.069000479463284 35.673756563359383
129.071181021487575 35.675514650224066
129.073028274280915 35.677379381471575
129.072295430774119 35.677600222109092
129.070705312572414 35.678635659739207
129.069998080911176 35.679983256820798
129.06980194260791 35.681436532534043
129.0698768310086 35.682372231180125
129.071886351882796 35.684353735856071
129.073946348462613 35.686787805544384
129.074115173280887 35.687042701686956
129.073977269640153 35.687568688109266
129.074087335507897 35.688007470809424
129.07456805739244 35.688697538770491
129.075351110905672 35.688959151589302
129.075517080745868 35.68933068144699
129.075530680802046 35.689868833498572
129.076239712088778 35.690763893081424
129.076180555113865 35.691064946637752
129.077113996444893 35.692679943870864
129.077221074015142 35.692935622238259
129.077113172620102 35.693047718530146
129.078592860429183 35.694240896276355
129.07936338457128 35.694296450398504
129.079799413801879 35.694538267791067
129.080464882363799 35.695904867739834
129.08028509246364 35.696279663288053
129.082349070332526 35.69701159779212
129.083067983416726 35.697643590608713
129.084809643428599 35.697820407958339
129.085738387673445 35.698091270095276
129.0873470397419 35.699005016141619
129.088803442163083 35.700328011229836
129.089925251455696 35.700971683666431
129.090291105263589 35.702675280296837
129.093689292050755 35.702971172252987
129.095710721178961 35.704018985642243
129.09985842029073 35.704734053165488
129.10175903631864 35.70606714307111
129.10320732137248 35.706409456608938
129.107618743181717 35.706447069421323
129.108766884655722 35.706691089308897
129.1103672707697 35.70740629863797
129.111072173011479 35.707115034564133
129.112746233718042 35.708383643301957
129.113938926163684 35.708287089999907
129.115697835337585 35.70847851305534
129.11713127025493 35.707236011342005
129.117500424802955 35.706665087636722
129.119626705977453 35.707002032638705
129.121265051363366 35.707686443467338
129.122612359233869 35.707706346948697
129.122995357530527 35.707333113611824
129.123073738732188 35.70738551552126
129.122763991249826 35.70778702031329
129.12421212330301 35.708275231336593
129.124570337351656 35.709753149579889
129.125215011618565 35.710524004064901
129.125340278366679 35.711393304811217
129.125551048421812 35.711763528286426
129.125696411176136 35.712440431400708
129.125870830682686 35.712442558498523
129.126196527936116 35.712850317039489
129.126205356062115 35.713572703777622
129.12707002964774 35.714083996867494
129.127209160312674 35.713927372911037
129.127364124079492 35.714120470461943
129.128837611719803 35.713465931199764
129.12905120104034 35.713227030353472
129.12986662480597 35.713015779476223
129.130154709624207 35.712670248879299
129.130613717383312 35.712572293758008
129.131277343732052 35.712768228205512
129.132404668455905 35.712678421116735
129.134089656557251 35.712384158776814
129.134163473681838 35.712109144624748
129.135292828815523 35.712342404973512
129.136778263899458 35.712864580976301
129.135810948256278 35.713632583175716
129.136569498100926 35.715482376622603
129.13756216440251 35.716284578771734
129.137929767180196 35.717081561619388
129.139514934961568 35.718242951360338
129.13753468066713 35.720699328970539
129.138399055373696 35.721788353322836
129.139979822684325 35.722252329494104
129.140491265287238 35.722564101781913
129.141055994163281 35.723344181821687
129.140988420206668 35.723851530676392
129.141309381676194 35.724103324296252
129.142046662454021 35.724349692480708
129.144532589360949 35.724827058222068
129.146131139490819 35.724919789477269
129.146759234788192 35.724687127220186
129.147214461351069 35.724665063454289
129.148724718927951 35.723476172134689
129.149584752334221 35.723470808617776
129.151396734096096 35.722577074177636
129.152440153566999 35.722252340160352
129.152868853277795 35.721963088915047
129.153616018467176 35.722063620553349
129.154048518554163 35.721967601499919
129.154833072466062 35.720942257270977
129.156276092796816 35.719763756978587
129.156376818427503 35.719580336121979
129.156879094418571 35.719370566911984
129.157598870828053 35.71800677088202
129.158052401492938 35.7176415908691
129.158920395400798 35.71729376683809
129.159392991526431 35.716010279546104
129.160047295863308 35.715472965045436
129.160314958157784 35.714810106177254
129.161879636295112 35.715126107285258
129.164106509508798 35.71482746589183
129.164875512667237 35.715073255196202
129.165313219645242 35.714954575667605
129.165826146119514 35.71500039987987
129.166843711948047 35.715525122547767
129.168125513843336 35.715543299539
129.16921057332118 35.714951433033583
129.171073071839572 35.714649655110712
129.171940909563773 35.713943419240628
129.17238711554495 35.713858778984644
129.172962816398183 35.714042107632473
129.173491996158219 35.714724975051105
129.174687991132743 35.714888940192758
129.175171832134168 35.715579922702808
129.175675001060114 35.715748652258171
129.176457276183697 35.715655389572184
129.177074975733404 35.716061936075313
129.177443775147935 35.716546217593134
129.178431789112722 35.717212582888038
129.178778666982907 35.71803218282222
129.178798691909719 35.719338778028387
129.180225772970516 35.720403508484807
129.180969932337518 35.72149579371559
129.181218395953721 35.722376873093332
129.181163797646064 35.723528542063626
129.181292789693458 35.723788924242214
129.181724236444836 35.723667761099449
129.183141526179696 35.72293896378654
129.183556377809367 35.722842874396868
129.18549612869262 35.721825239099324
129.186235154161466 35.721284129375327
129.186501383087489 35.72062701053742
129.186649268368683 35.719518131667591
129.192143326158515 35.718628660851493
129.192732390162462 35.718414062181765
129.193501832069899 35.717764652878429
129.193305763954527 35.717362891171696
129.193439954772515 35.716967776886214
129.193684113260247 35.716856332734622
129.194911494662932 35.716752441628579
129.19606303478858 35.716338218303818
129.197165637197543 35.716104227361214
129.197645690225386 35.715794319309175
129.198094587245947 35.71445016288429
129.200828913908879 35.715987755439478
129.200964669828238 35.71625418013992
129.200916409827727 35.717412364501442
129.201081060251397 35.717950266556976
129.201701400209998 35.71888699779683
129.202212080896857 35.719226538425339
129.203488555208963 35.719739162355893
129.205466223219702 35.721174206539189
129.206580079304558 35.721434952049165
129.208630376919558 35.721169134908358
129.208939372665583 35.721080251234241
129.208653260832875 35.720672000691124
129.209548685829986 35.720137175033102
129.209250589230123 35.719795180824399
129.209241312170832 35.718946246456312
129.209458388023876 35.718804714728968
129.209390153847721 35.718621532512884
129.210012780235843 35.718449601633907
129.210162614500916 35.718261283077588
129.210084008836304 35.718403098875349
129.210221691620973 35.718449987502737
129.210587049493654 35.718314460261247
129.210788952975633 35.71804831596809
129.210969374340607 35.718155090843126
129.211539084374607 35.717854885404542
129.211429717519877 35.717395663251267
129.213225312186978 35.716026859891635
129.21383859384477 35.715592502987647
129.214628268843626 35.715593882895639
129.21579573827961 35.714961650872731
129.216647200469197 35.714064918471529
129.218006657452804 35.713172476412744
129.218982464340172 35.713687090365873
129.219341732213167 35.71370680023054
129.220100427143734 35.714073656185278
129.22048765086933 35.713905577369786
129.221671884324337 35.71290932504921
129.221871303239539 35.711995865512762
129.224366151615754 35.709561014377194
129.226463610676291 35.708633571195634
129.227426575904531 35.709195250482907
129.228329620663828 35.709290321195304
129.229892689920263 35.708812539769696
129.230684094843497 35.708692716499748
129.230880491404605 35.708765516463053
129.231764139567048 35.708437154587479
129.232703330573798 35.70764976168558
129.23298272980341 35.707628819845667
129.233150320013834 35.70711421446395
129.233706125156999 35.706148369340262
129.233729121892623 35.705623217668837
129.233462750309826 35.705244936301014
129.233716455127905 35.704216124119306
129.23400761855757 35.703874656270393
129.234776609409067 35.70379463148911
129.238104987815746 35.704058443419392
129.238428623023765 35.703879265003394
129.239451079977954 35.704049048108537
129.241367838501077 35.703867801078047
129.242150113746021 35.703140428060209
129.246921201572405 35.70174494565623
129.247940912188 35.702088165988606
129.249265461845852 35.701755518368344
129.250951347582514 35.701972784340342
129.253017438765823 35.701727881235911
129.256850441318619 35.700703366055933
129.258253079481847 35.698722642005514
129.259117780531795 35.698134526464486
129.259756734461831 35.696886266358447
129.26008130954574 35.694968835305197
129.261879327301074 35.693403136432686
129.262319240762992 35.691782985792187
129.262537813760105 35.691565729013327
129.26259307140478 35.691127113214868
129.262439339709545 35.690058735892151
129.262025966463852 35.688815740033519
129.261811823450955 35.68772203124535
129.262186088494104 35.685929085291107
129.261864822110823 35.685319735866429
129.258642868666641 35.683111538651929
129.258687224065795 35.682248366296278
129.259586740735244 35.680452906475857
129.259512210865267 35.68006192235746
129.261031721446273 35.679069706307686
129.26078165712272 35.676993952637474
129.259921317125304 35.674043388948064
129.259719911838886 35.672284198826155
129.259295756252897 35.671437999201771
129.258815690459045 35.670823013465814
129.25782938082898 35.670121095007772
129.25653653089438 35.668924404844574
129.256420850850731 35.668258661114599
129.255423155420402 35.666696559826981
129.254745047882267 35.666411769702499
129.255503704337116 35.660455671868647
129.257744016851206 35.658924153012109
129.25817312175036 35.657388255771764
129.259797005501866 35.655657494269526
129.259877995355737 35.654882753476805
129.260444843536391 35.654637560051206
129.2654762906607 35.653595808652177
129.26625222293535 35.652863754805296
129.266741315685522 35.652664199156241
129.26794670530262 35.652467772532773
129.26977730875538 35.651079462622832
129.273232070729904 35.652566946091646
129.274947988605362 35.653087425476954
129.276208183785087 35.652853424789065
129.276381276270456 35.652534085679349
129.277110135565522 35.652213664949642
129.277768497003905 35.651743510041662
129.278123647485842 35.65114196608733
129.280151943430667 35.65018620760474
129.280654751919798 35.650119105679565
129.2816656887899 35.651167567018952
129.282898559037733 35.651733128461984
129.283761601672921 35.650855986145736
129.285407156206531 35.650528000627219
129.285550079751403 35.650410263169007
129.285501841267518 35.650327549503707
129.286813524755587 35.649555055318288
129.287199382015586 35.64942764623116
129.287085815727437 35.649291831632816
129.287158282182475 35.649244414781712
129.287877683727487 35.649078980131279
129.288429153688412 35.648759056773791
129.288586781467387 35.648855316154396
129.289020152013876 35.64862773709644
129.289600681819763 35.648069314898862
129.290155625895125 35.647871795904116
129.290236334198369 35.647605572187587
129.290137536675928 35.647383040092535
129.290327490735223 35.646883150415022
129.290077190019076 35.646319964813266
129.290863825892302 35.646154648625597
129.291544416096883 35.645198692935949
129.291929846044667 35.644973282702779
129.292999546708529 35.644996150577008
129.293832662811241 35.644780230911437
129.294365224862048 35.64457340055511
129.294897202231482 35.644104720827968
129.295556963825533 35.643966847536831
129.296089006122543 35.64356095444316
129.296420625648182 35.643444680085018
129.296234267609265 35.644213701519682
129.296257306434228 35.644741496870076
129.296837636492171 35.645119152885556
129.296992656337267 35.646461433829437
129.298370251205853 35.647647075052063
129.298562275423052 35.647582863197542
129.298524606974183 35.647689036509284
129.2987129827074 35.647665309802449
129.299175418331032 35.647382509368263
129.299649630983083 35.647402453300806
129.300788254859839 35.647975545711844
129.301698980880616 35.648083595482923
129.302528851591404 35.648018741087483
129.302936928936418 35.647777511874018
129.303066278358585 35.648366209088124
129.302988510519214 35.649395031891494
129.303379261974356 35.649715592824059
129.30334517814893 35.65004231020319
129.302747815895316 35.65037206013853
129.302052528226909 35.650956103576057
129.302075115040481 35.651178536514038
129.302595290180363 35.65171711119217
129.304055129500568 35.651699897333643
129.304068602930869 35.652505506040718
129.303740801828894 35.653765358940596
129.303835605493077 35.65471217357068
129.304015818014648 35.655064507726195
129.304124033028501 35.655733289486086
129.304079730990964 35.656641517946369
129.304489379592326 35.65717430492186
129.305113894752139 35.657308076663405
129.305694137857898 35.657569532647116
129.307704548276575 35.65716230608539
129.30774662067941 35.657653412637629
129.308237739247829 35.658066650540533
129.308963411735306 35.658286315560304
129.309147395511474 35.658516914807564
129.309158571851384 35.658989181879619
129.310467437517872 35.660194153211343
129.311142496489538 35.660524440216783
129.312209112751077 35.66021802604341
129.312624867724452 35.660253688583047
129.313668526563788 35.659450862118149
129.314877442037982 35.658230098616578
129.316127667010136 35.659289848323553
129.316482836535869 35.659354253311676
129.318047857075413 35.658805346463303
129.319117077459197 35.657922435374012
129.319230246904908 35.657314028012827
129.318962789892538 35.656917649242224
129.319116010785706 35.656417577827959
129.319357860399407 35.656357590694455
129.320215350217694 35.656625184386172
129.320714328371281 35.656676253935501
129.320882213871641 35.657243910022551
129.322234003915753 35.6581273438618
129.322656225364625 35.658088932807793
129.323645718908296 35.658588931265392
129.325644970004731 35.657715899427799
129.326672248438513 35.658162073307103
129.327820696058268 35.658836356358442
129.328728018172143 35.658263269777542
129.329070149246917 35.658175844208571
129.329764751957271 35.65876075516492
129.329888414274848 35.659145947536153
129.329874977176814 35.659823680069145
129.330160194382728 35.659962473449042
129.330046759894856 35.660273831064011
129.329408390367945 35.660591972693894
129.328686115731529 35.660409112819778
129.328639821968267 35.662689076705796
129.329505906218799 35.663427235024422
129.330171660274289 35.663730420055138
129.33022449969161 35.663814995630709
129.329898173272682 35.664126537349112
129.329824045228264 35.664401799461089
129.330348098393699 35.665076316247102
129.331030743817962 35.66555655968439
129.332557460976233 35.665042412874612
129.332853598278518 35.665164225714598
129.332866200889555 35.665407688306644
129.332595104099966 35.66588598319921
129.332545458533303 35.666527808868203
129.333044227521583 35.666901510795455
129.333218192005859 35.667235611619049
129.333100139603403 35.667981533661454
129.333654817361179 35.668651066276794
129.333825997778433 35.669399128782814
129.334088753038856 35.669760507985728
129.33495419020332 35.669547757121222
129.335763357592043 35.669133072697115
129.336849696476946 35.669206750415256
129.33732080343259 35.66912735107028
129.338118146292828 35.669278007661099
129.338795491379415 35.669549946066837
129.340057862644557 35.669636927106076
129.340508848946087 35.669908473649215
129.341018288418979 35.670432994301422
129.341841212551969 35.670714481977775
129.342321280040494 35.671201280635891
129.342956955892134 35.671474845571815
129.343021814824397 35.671757832594132
129.34471886017252 35.673574461408968
129.345867041514083 35.673919975439631
129.346114564402171 35.673864325657377
129.346394623381713 35.67397727336045
129.346437875822886 35.674264339952735
129.346906576552783 35.674726700952895
129.347254417981958 35.675339523134433
129.347857556532745 35.675525713873448
129.348013237064947 35.67626968974978
129.348363470405076 35.676857401217283
129.348751434883098 35.677178289353094
129.351404548940451 35.678484959762095
129.352045009442435 35.678718400715859
129.352521066007995 35.67859464802752
129.353136759129654 35.678783938980217
129.353558724923232 35.679380230849674
129.35497359861327 35.679307795815483
129.355832287738906 35.679439525081364
129.356440131376957 35.679267421342395
129.356631481700703 35.679413611094894
129.357478149118293 35.679394509262295
129.357671556802018 35.679282314782299
129.358431403104163 35.679209567036942
129.359251819843109 35.679365683639951
129.360063603189957 35.679134517017076
129.360554177025506 35.678882889084242
129.363158920847894 35.678634417321959
129.364073663665351 35.678934493198462
129.364093457671402 35.678646198012892
129.364354133571823 35.678252791825841
129.364163497991683 35.676785185951559
129.36505527962899 35.675699249024191
129.366727567286432 35.675278241935438
129.367288025214179 35.674718869602572
129.367861766061651 35.673183719179363
129.368201989619507 35.672995975962003
129.369489071829122 35.673040916118893
129.370547255130447 35.672906893783647
129.371596391085632 35.672093898670433
129.372773671849501 35.670154747195241
129.372654430811451 35.66922678622452
129.374503296604445 35.669694367187901
129.376150656731483 35.669823911804365
129.377781045875849 35.67014876554223
129.380761024478574 35.670997814588219
129.381849390670027 35.671184802232212
129.383199752254598 35.670979563455191
129.383970669709271 35.670574897520645
129.385803757823908 35.670277012708191
129.38641534367946 35.670339509122606
129.386939228531588 35.669982939438249
129.387515158720106 35.669948855961863
129.388490913857396 35.669575715716249
129.388777353614955 35.669310704080239
129.389808021600714 35.669124696888865
129.391958306257521 35.668484509654483
129.392908810843892 35.668584871674277
129.393466422213322 35.668341922514578
129.393663831804844 35.668054314762742
129.395329636434809 35.668015981521442
129.396144198878801 35.668093401597943
129.396405444398454 35.667921790129292
129.396908588353085 35.667958379918986
129.397389649632402 35.667752408821457
129.398627448346389 35.667801958508569
129.399216211377365 35.667598193494541
129.399995971421788 35.6675733630588
129.400736036263595 35.667202426624961
129.402025510188423 35.664760852686278
129.402808019573484 35.663849990349597
129.403105858454808 35.663126889024959
129.403417157366562 35.662968488264916
129.406675990919211 35.66279697860584
129.406847398925578 35.662817761897479
129.407877341994663 35.663577127319009
129.409112668169087 35.663558054076262
129.410172428473913 35.663862345677046
129.410969789387451 35.663827380439386
129.414358433327692 35.662695303678085
129.414683819517023 35.662409881395327
129.415785834414947 35.661928547130131
129.416758993363061 35.661339404418719
129.417499070624217 35.660515746081622
129.418781227760974 35.66051801551653
129.419465761885988 35.66023283137195
129.420045199818475 35.659551764320433
129.42035297383498 35.659438017170352
129.421384259821252 35.659336763929005
129.423130281856885 35.658385697470528
129.425744916426225 35.657170468249042
129.426769862392689 35.657179948667221
129.427873561231081 35.65681616802388
129.428079663343453 35.656684041644411
129.428398843643066 35.655580329938822
129.430082457655232 35.655843569196989
129.431756647145875 35.65656917123578
129.432801232588957 35.656646621296979
129.432830049588603 35.655947329083993
129.433125985889404 35.655330627668484
129.433097393925323 35.654308128352739
129.434435427977917 35.652687839599338
129.435079426454394 35.652446045650024
129.436475017863899 35.653314337426508
129.436510629652304 35.65364614748222
129.436873933429496 35.654238115285807
129.437386721339436 35.654560267830618
129.439269093402146 35.655244661824071
129.44059545871383 35.654661838267543
129.441289708464979 35.654586950879207
129.441752387643135 35.654678794409733
129.442038921901457 35.654957366285714
129.442350016236162 35.654671038352248
129.443148744352271 35.654231788006072
129.443593702853832 35.654149834050969
129.443796921307154 35.653969311121301
129.444270783750596 35.653930689832571
129.445337046626634 35.653429542130382
129.445655033446002 35.653120819682641
129.446031998280404 35.653015746496948
129.446001541027783 35.652820111589136
129.446680594940062 35.652462240747163
129.447651554294282 35.651654271173449
129.448407552322521 35.651218379789618
129.449626449298137 35.651018328571304
129.449681277654008 35.650825180149418
129.449560687295474 35.650525090525335
129.449178980575624 35.650406712837466
129.448519803139391 35.649413786774389
129.448482757862877 35.649092854870936
129.448323470627315 35.649208853899843
129.448389290542991 35.648821909600933
129.448437899189088 35.648990708862179
129.448502310328905 35.648840588159402
129.448277228399888 35.64836045006669
129.447956804835513 35.648079197363465
129.447929175355654 35.647840570602966
129.446194025650385 35.646482768578728
129.445799622945799 35.645652402946908
129.445971052709609 35.646421547974995
129.445246332277662 35.646399795732037
129.44369935221053 35.645973928596618
129.443131243701856 35.646043166910431
129.443235340363287 35.645201987148802
129.443082511057639 35.645428091260094
129.443068588772775 35.646058375796194
129.442493840092112 35.646022592031741
129.442147922290133 35.645798431565844
129.442233680470821 35.645635221613198
129.442021792706868 35.645587003548002
129.441260183273641 35.644556413407315
129.440925880886567 35.642842248012165
129.44117148556208 35.639575864003213
129.440208096866769 35.639643529403649
129.440079259181573 35.638820585138696
129.441039204156255 35.638821412202347
129.441522828629303 35.636758971957661
129.441927796769335 35.636102319163051
129.442777110371736 35.635336407732346
129.442872345358495 35.635383042285589
129.442942444995793 35.635159188088288
129.442695795941745 35.634658775477519
129.44248240761064 35.634549204718169
129.442437107315641 35.634239124588746
129.442666186885901 35.634150573732995
129.442291313176412 35.634072300375458
129.442364214115514 35.633940312214165
129.442134878843348 35.633396889191282
129.442276471882792 35.633856499257817
129.442040054762288 35.633975890811477
129.441173159388939 35.633471432745161
129.440639111603872 35.632808879422939
129.440558209833625 35.632291724995852
129.440638909214812 35.632291502940056
129.440781539431782 35.630232739538563
129.440907808645363 35.630166125377578
129.441171692609004 35.629191757491519
129.441050247374989 35.629145081962264
129.441109573093911 35.628963681962162
129.441260498841785 35.628993278792095
129.441716251755793 35.627705727526603
129.443249449958017 35.624709022199973
129.443985896188821 35.623751110511179
129.443871508361099 35.623505509073858
129.443959408445409 35.623118826947177
129.44434455393116 35.623014999757601
129.446241884538892 35.621903432759822
129.447993571927583 35.620552086234625
129.448425576595952 35.620402242410201
129.449155663929645 35.620347564259703
129.449800406706913 35.619405423334655
129.450719821855159 35.618650703114056
129.450634763043951 35.618609074786107
129.45125315152444 35.618499209534768
129.452312438189608 35.618486526252603
129.454050980640432 35.616394696277176
129.454004915091417 35.616297648497095
129.453872929231352 35.616356655054474
129.452523347156671 35.6180870479173
129.450674410784757 35.618111584158278
129.449759993846556 35.616847352052368
129.449605694553469 35.61690989786473
129.449456066871505 35.616695851070922
129.449590155550084 35.616615409140522
129.450014014457167 35.614785464058784
129.450452791088594 35.614384176279124
129.451111247670752 35.614469902011024
129.452124809535434 35.615773770340375
129.452403709516119 35.615625205796682
129.452663533059763 35.616014675615666
129.452773500202028 35.615991173058006
129.451291532142307 35.614083716537927
129.450455321343782 35.614331333942005
129.449968548391723 35.614108656442518
129.451319486680831 35.613734285873718
129.451919897590102 35.613454440253115
129.451948130289651 35.613645333529
129.452796276711069 35.613687485009493
129.453491499015229 35.613611100411489
129.453525430655048 35.6135253787591
129.454609007468832 35.613711811844411
129.454603495475084 35.6138812908235
129.455482757578238 35.613846905047616
129.45606392990328 35.614055099133637
129.456185938996043 35.614042056933954
129.456115392057313 35.613742215680908
129.45630569858713 35.613594598226634
129.45700611609729 35.613530061606617
129.457169968863695 35.61362258910647
129.457040235209973 35.613935525608348
129.457547472692937 35.613846056676628
129.457846932367801 35.613727188953334
129.458218850861016 35.613249238183506
129.457946799596783 35.613193407481518
129.457631004060516 35.612800438556476
129.457769853293314 35.612729045369576
129.457426107561162 35.612628502171674
129.45752889815401 35.61238200122834
129.45768998922955 35.612349999920227
129.457855420687679 35.612460374849306
129.457877075047946 35.612683782699342
129.457901786144248 35.612454358951759
129.457674842970988 35.612283290598263
129.457903534736516 35.612173460063204
129.457907402440185 35.61205189006067
129.457661355946897 35.611910068393335
129.457673498760698 35.611743267972749
129.457481061164373 35.611584172748188
129.457384442769722 35.611299923754977
129.457083893146404 35.611168644739685
129.457096382366075 35.610934274222558
129.456943682186903 35.610789141865276
129.457018741631117 35.610808298699041
129.457183629061035 35.610179295072349
129.457017831082339 35.608940258692094
129.457159020347319 35.608562467729215
129.45741166046983 35.608345295391516
129.457520943253428 35.607995194805454
129.45830063307892 35.607243973035843
129.458491304390265 35.607379316092867
129.458567969187129 35.607293142476983
129.458376908086422 35.607133872069149
129.458447387226641 35.606924499161728
129.459021491751457 35.606429889072828
129.45980091782684 35.606504509228323
129.460076241582527 35.607400612501301
129.460254336692088 35.607215361764354
129.460479951170555 35.607489653924382
129.460733269155526 35.607565144214433
129.46081886189279 35.60735377460616
129.461270035978799 35.607123949379186
129.46152554969899 35.606235449106819
129.461714142666466 35.605976503627339
129.462009633654759 35.604772528094671
129.462714600624935 35.603891887150802
129.462526959625677 35.602876295909894
129.46298729437305 35.602102155669307
129.462915903709501 35.601550188211
129.46304550955756 35.601549088025237
129.463255182676306 35.601101196166589
129.463492418517063 35.600877706948445
129.46334401589445 35.600478522326952
129.463458632728873 35.599797454766069
129.463857344219377 35.599589532668837
129.463763044037847 35.599201208602864
129.46383412550054 35.598933246858088
129.463581052893488 35.598268433170688
129.463277076160608 35.597877631759076
129.4630177391698 35.597852100546604
129.462882321318659 35.597314401765381
129.463294639983872 35.597404383516221
129.463396180275652 35.597219430277576
129.463270683217985 35.597342926910294
129.463106201591302 35.597330380336736
129.463024791277121 35.597137196352385
129.463216732603769 35.596864373716016
129.46351836730139 35.596886786165072
129.463515589734754 35.597156162350849
129.463686841204293 35.596939378762997
129.463027432707406 35.594871647417371
129.463192675924859 35.594154911209777
129.463057906814072 35.593908052993633
129.463631152785069 35.593659401068031
129.463802900495352 35.593470762303795
129.462982570391745 35.593845819671202
129.462637386296876 35.593504573255196
129.462651141140157 35.593041956411383
129.462556862884611 35.592968700523294
129.462825219969346 35.592647863181853
129.462832445906912 35.59247835871016
129.463456077115239 35.591838133572267
129.463466710333478 35.59162238028204
129.463024651631855 35.591044198866499
129.462825016342748 35.589962128203652
129.462878998825914 35.589597524618334
129.463294885484686 35.588984205297358
129.463409977884908 35.588375074987567
129.463578935734887 35.588219298810422
129.463606799722157 35.587868593559435
129.463306930502199 35.587554015047409
129.463150620748053 35.586997171304759
129.463247246823784 35.586404325739984
129.463354906262651 35.586205586235955
129.463615765984542 35.586124372295281
129.463656075595765 35.585910127309113
129.46340911508878 35.585533500089575
129.462655898634694 35.584945774405426
129.462256993416389 35.584886346301687
129.460807045832865 35.584294393579299
129.46020763113728 35.584316621659035
129.459360173188344 35.584636184855846
129.458762971430929 35.585182078219603
129.457964544209801 35.585200759914471
129.457591033965883 35.585115028931433
129.4572198151902 35.584866931181494
129.456712470575269 35.58416842600721
129.456688621706348 35.582484848684352
129.456216647725682 35.581691005021653
129.455953032836817 35.581015820967842
129.455968877385715 35.580688036822025
129.455731363020647 35.580664011649795
129.455511528382885 35.580812938659513
129.453918535872049 35.580770619591632
129.452858182719382 35.580528229210124
129.452726332093192 35.580431934100282
129.45298555375129 35.580184093030638
129.451806667167858 35.580089677284541
129.452126919387553 35.579616739916631
129.452576023048607 35.57960548848073
129.45234814605692 35.578642797318444
129.452393488011154 35.578128851236642
129.452848198283647 35.577159865213773
129.452938028867322 35.57712171998427
129.453190348030972 35.577281302329389
129.453774004193946 35.578111034306801
129.453866916753526 35.57809506641668
129.453332687147764 35.577315008622577
129.452881414353584 35.576949146964132
129.452956025436919 35.576039003882414
129.452811904453171 35.576037281339495
129.452880107495901 35.575900184087978
129.452492131315125 35.574524015187855
129.4525540314865 35.573524449081638
129.452181144585637 35.572676626952365
129.452147090441031 35.572113334537711
129.45191626390428 35.571968802064134
129.451765858720023 35.571613554970163
129.452049438222303 35.571419557508428
129.45241851338065 35.571497932166942
129.452611621160628 35.57054018096543
129.453681956307889 35.568876149163941
129.453845801707701 35.567908861654793
129.45439399109631 35.567600646068747
129.454623466086559 35.567226417547054
129.455119526283539 35.565706535933572
129.455681116074942 35.565092674331353
129.455873066631852 35.564697521650828
129.456351076313069 35.564721721198907
129.457715829018724 35.564353346548884
129.457894306248448 35.56402547749893
129.457175653738886 35.56316205182587
129.456654895825039 35.561793109817714
129.456828793366782 35.560942459785309
129.457405516972699 35.559888903526591
129.457618408002105 35.559807974006119
129.457708634516365 35.559625509814254
129.457619828410344 35.559527218112045
129.457985964437171 35.558382073589478
129.457844421249348 35.55835088414571
129.457795280059997 35.55793756011726
129.457909240318287 35.557144303455125
129.457825861620137 35.556681835637001
129.45792362908611 35.555832174498455
129.458222451159855 35.555417244334194
129.457985381928012 35.555394483349048
129.457869056793811 35.554902136325168
129.458024049555888 35.553466629226982
129.457339879112851 35.552533087195279
129.456389757098208 35.552210616859092
129.455574927518484 35.551488377431944
129.454824162322126 35.551047516732467
129.454787933306307 35.550898598057572
129.455045899910829 35.550827597990406
129.455051360814792 35.550634053057074
129.454807405720601 35.550633384176891
129.454899420721574 35.54959392603773
129.455270046641601 35.548641709637074
129.455123805237832 35.548082524249985
129.455013993693314 35.547780239852678
129.454399456948579 35.547693222962572
129.453130460179551 35.546660753490812
129.453062279972215 35.544749854550524
129.452476091388149 35.544043067845742
129.452430031491872 35.543446650280067
129.452566237045176 35.543122461156223
129.453375359698555 35.542642965739326
129.453623976844824 35.542209352276593
129.451737598177573 35.538862948474659
129.451025949808752 35.536872203708441
129.451017937758195 35.535827449728075
129.451558078873774 35.534038213727293
129.451611864396824 35.53347355315961
129.450543408531303 35.529896773028014
129.450922560847403 35.528987337561112
129.451574430584486 35.528109528167974
129.454131626935776 35.526017823510706
129.451432474347143 35.527960786039529
129.450425714940536 35.528223253049269
129.45004153593257 35.528049579626355
129.44957476979522 35.528070746430856
129.449518751284671 35.528267435930125
129.449249048753757 35.52833542140408
129.449195529492414 35.528489966125719
129.448571908762545 35.52866566067317
129.448562662566957 35.528883077267373
129.447789325353625 35.529085460070156
129.447707255739914 35.528901143324177
129.4474759749246 35.528941457266377
129.447508822142055 35.529160980363166
129.446749075337749 35.529357583051308
129.446435074345828 35.529021704149436
129.438575073412352 35.528578158695765
129.438652930908205 35.519925114351885
129.438852495846021 35.52002103651985
129.439164394527097 35.519845928738498
129.439767392633456 35.51975264567551
129.439883329235812 35.52117069631413
129.440234165370271 35.522259055893372
129.440657713744059 35.522267663089501
129.440667194351505 35.522091489061893
129.441621011920319 35.522095276885103
129.441743694892637 35.522097433901813
129.4417615322659 35.522277005309682
129.442028966720528 35.522282707438194
129.442041781285752 35.522057472824734
129.445042200323797 35.522097219626474
129.445025506310003 35.522319152038726
129.445973809852205 35.522334137778309
129.446729111023302 35.52416073089374
129.444020197901409 35.525138497793485
129.444191133898244 35.525448284319303
129.446783684125592 35.524505958417663
129.447335430915246 35.526138862711775
129.448173207904802 35.525927014968332
129.448142939636284 35.525247778768602
129.448376216852012 35.52493316617398
129.448707038121171 35.524723300091296
129.44924709505176 35.524609698598596
129.450426339124505 35.524663322345312
129.447116377213888 35.518048523126978
129.447032958333295 35.515742306313044
129.446857618585085 35.515411773752248
129.446332549161582 35.514984443385728
129.445351388027376 35.511327410007773
129.445106923230867 35.51098800782372
129.442085069611551 35.509237142927361
129.441919281083443 35.509323145903032
129.4418587287214 35.511042530835518
129.441161599163252 35.51099314105803
129.441158428908722 35.510763439875959
129.440556401830747 35.510761261218761
129.440556617599469 35.510973001378517
129.439810042271915 35.510962620485962
129.439806878962941 35.511222294712901
129.433558314688071 35.511249234556743
129.432908440823468 35.51091685582719
129.432156508022643 35.505452019721403
129.433900626293308 35.504241705165306
129.437235690657957 35.506592116427107
129.43859454256031 35.506593239465367
129.438594662640838 35.506767954963721
129.441285960549408 35.506761815250485
129.441098415160525 35.506185994836727
129.441181137018617 35.506165450308345
129.441465238486728 35.507042013895692
129.442966377833073 35.505726111110853
129.443540307591178 35.505586084465527
129.443613420899169 35.502270070567235
129.442597743669069 35.501523063593936
129.44075285376627 35.50125164585728
129.440303381181337 35.501315786274887
129.439940882773783 35.501215978833876
129.439791953094982 35.501312760265321
129.439445332898572 35.501043540268185
129.439232953815406 35.500704171164372
129.439239402607996 35.500541860525558
129.439473381968185 35.500342843559508
129.439256388179132 35.500101272749689
129.439154336196907 35.500096721907404
129.438879851177973 35.50044804180213
129.438438592482811 35.500579301013396
129.43811502131706 35.500388595634384
129.437109747995265 35.500325839988129
129.436992372756293 35.500053252298081
129.436814030444793 35.50012246646812
129.43626328802614 35.499946194103316
129.43572496737545 35.499964103707853
129.43543457628914 35.500131311346863
129.435283613140001 35.500377358113546
129.434096225144287 35.500726673418512
129.433166445581065 35.500529321168173
129.432597408083751 35.500168683413619
129.432009232528458 35.499663714632227
129.431500873572958 35.499030988197944
129.430851251498325 35.497971836398655
129.430632425141113 35.496776603900734
129.430459648210473 35.496756290195975
129.430458354970739 35.496656070647347
129.43062630493489 35.496676482639657
129.430601703307588 35.496522673794999
129.430457088256674 35.496511083615118
129.430402259075692 35.496073780275211
129.430503697753323 35.495406379170042
129.431200430143889 35.493607020919164
129.4316587825775 35.49299282139026
129.432335484325023 35.492449818198153
129.433681548956173 35.492068748997461
129.433611205572049 35.491288793259869
129.43374860086908 35.491997279322867
129.434582409546209 35.492006646236817
129.434556206071562 35.492085315341619
129.434932883005445 35.492234127905071
129.435907235489765 35.492416777764625
129.436107171202536 35.492504808467302
129.436005117150899 35.492819422110834
129.436175164235152 35.49294396368942
129.436960985905472 35.492914154410542
129.437681333536347 35.493053632916158
129.438326632234833 35.492885586071381
129.439336019618963 35.493144646462952
129.439609470426149 35.493283706339696
129.440092153114563 35.494433052395856
129.43991323832833 35.494801864103273
129.440008641464686 35.495064614780418
129.440299768358415 35.495230350234912
129.440702427240268 35.49496245303915
129.440845241843164 35.49515371088534
129.441361767039695 35.495144672673426
129.441836009325016 35.494966829605211
129.441910203320447 35.494619695000075
129.442253085433407 35.49456122868424
129.442588641616055 35.494124333916695
129.443001989902598 35.494096396132072
129.443230935883207 35.493766125402217
129.443426841746344 35.49373203303368
129.443890246307632 35.493049126148861
129.443803708110721 35.492396913855089
129.444163853664833 35.492295161680346
129.444370104930528 35.492102608961076
129.444336693397162 35.491817912898021
129.444495087616104 35.491568321283061
129.444181794691531 35.491352790394025
129.444198360142764 35.491638395551412
129.444093500975811 35.491654597979547
129.444069620837496 35.491843732509864
129.443903092324717 35.491836123374767
129.443791411352038 35.49218416284539
129.443559539220217 35.492156053911827
129.443405477829998 35.492275877786369
129.442334335450369 35.491830292350066
129.441387721228324 35.491802571226323
129.441027774134739 35.491671879023556
129.440008733465419 35.490990664314921
129.439339378600806 35.489735560530697
129.43953775656783 35.489441675665638
129.439671338721212 35.488837952541836
129.439872352586633 35.488881899732569
129.439476014836117 35.48823004273126
129.439518635111909 35.487772182254041
129.439250762104081 35.48712194898502
129.438756872281999 35.486682257152857
129.438238093798958 35.485645705910329
129.437395621840466 35.485256552411208
129.436984723783098 35.484885006866669
129.436857405244069 35.484635996049342
129.435552846862947 35.483432830090798
129.434539843614175 35.482296002851889
129.434162025521942 35.481273618298665
129.433545998857284 35.480833972793263
129.433002463016606 35.480674999681739
129.432340990287798 35.480211914435507
129.432058176445963 35.480331363458554
129.431242495989352 35.478301878052335
129.431719656802073 35.478235239350767
129.431776564158923 35.478021509717003
129.431447600600876 35.477956896339819
129.43067495051136 35.478145061813095
129.427796347423595 35.478152596766193
129.427863792643961 35.478254863254122
129.430674597241534 35.478190542619402
129.430768554065878 35.478373082018578
129.431162995196075 35.478359645978387
129.432021419002581 35.480505273992001
129.431873722226641 35.480836288996301
129.431331563922015 35.481065853269698
129.431503053319489 35.481307925980317
129.431738307062489 35.48117493007058
129.43212562313289 35.481519232614424
129.431940554429161 35.481774978375526
129.431751466571455 35.481806098551338
129.431390277719885 35.481735101640027
129.431440196704528 35.481518269666587
129.431136862575727 35.481470598756282
129.430935527625707 35.482764408273027
129.430595834557778 35.482755756435175
129.430925504887227 35.482808814857535
129.430754423530743 35.483563927379564
129.430194320822864 35.484033187511486
129.42979586760103 35.483719364310112
129.429700665296195 35.483793085871248
129.430100643884742 35.484111942222192
129.429777296599866 35.484383416606946
129.428872974559397 35.484808772784895
129.428464309665685 35.484830796070149
129.428377914349511 35.484567850560943
129.428396602607762 35.484834415483412
129.428050147829367 35.484853206935213
129.428077218135996 35.485123401538921
129.427875290833498 35.485128865034397
129.427766871493617 35.484797525290872
129.42733107599301 35.484844579494926
129.427259631074492 35.484632584880579
129.427211828140372 35.484737024721461
129.426937406350248 35.484793088891486
129.426855364239287 35.484709142780027
129.426914901507985 35.484903360949282
129.426669961577659 35.484920672906618
129.426736826520397 35.485129520447451
129.426643173982114 35.48514055785958
129.426523739228145 35.485656692363406
129.42645411608413 35.4849552769669
129.425183038356067 35.485021936071945
129.424022440705102 35.484193773578198
129.424732390114769 35.483073062693407
129.424700418080107 35.482971210918095
129.424862039241333 35.48301132862413
129.424736995643229 35.481483894769106
129.424842104284664 35.48138463558162
129.427577613367475 35.481033569180873
129.428689746901597 35.479953459623772
129.42752585215365 35.480972103091041
129.424641444686984 35.481340103159575
129.424114635607566 35.481026873174606
129.423452117206978 35.480974428604746
129.423219126331418 35.481068509455774
129.422565853093033 35.480923094777829
129.4218995817929 35.480917738630851
129.421418653177938 35.481135337272491
129.421573162558275 35.481868132359409
129.421128886347219 35.48220620503497
129.420584396656892 35.482278795069988
129.420616235252709 35.482192556379786
129.420375485879504 35.482039279197551
129.420022476195015 35.482217978773505
129.419802440795706 35.482572384318367
129.419087165481358 35.482379766465982
129.418355384232967 35.482440610572773
129.41791595567463 35.482113072505449
129.417914767491453 35.481912618704534
129.418064241191473 35.481880341045915
129.417858254889438 35.481496873222014
129.417026448206485 35.481056544468963
129.416778066115143 35.481073343452771
129.416518355731654 35.480942115459719
129.416004232216949 35.480326609679892
129.415289298194068 35.480121845500967
129.415132438472426 35.479987440713295
129.414620713014585 35.479152526344912
129.414790972933616 35.479078866009431
129.414824815255798 35.478909531118894
129.414650707305668 35.478935255541515
129.414430626604087 35.478781688286098
129.414239440434272 35.478408762645451
129.41581753935904 35.476721385599014
129.415903536642958 35.476328132606056
129.415811183826094 35.475806948543436
129.41538568396868 35.475322283370623
129.411867818974031 35.472363150777525
129.411350241597574 35.471963226872539
129.410823953506025 35.471732711701712
129.409452600067965 35.471535679846816
129.406565388018947 35.472252024498452
129.406465662211644 35.472359046145002
129.406285713955583 35.472199876219882
129.406044073258556 35.472396169573607
129.407179796557926 35.473291323676996
129.404768252506784 35.476540779825925
129.403363192160043 35.476474300074344
129.402966149887419 35.477140528786776
129.403031625500233 35.477212153595232
129.404369359879894 35.477167353073071
129.404289418431489 35.486622188320105
129.408490614561686 35.493246828241787
129.40322881372208 35.499807429859452
129.395760412463517 35.501237260569276
129.397573041698024 35.507588815525509
129.397663122909506 35.509611559081719
129.397437474512373 35.511891036033958
129.396667264486382 35.515107155960898
129.393942775061788 35.518866508466424
129.39342925408522 35.519052123268033
129.388040714480354 35.526998698643801
129.382438341322711 35.532815758367825
129.382867004739268 35.533169963526909
129.38277410519845 35.533278655712984
129.379162043196516 35.536583857155044
129.379335725732346 35.537087414812447
129.378613153382361 35.537256532730702
129.377819108625488 35.537665405766184
129.377546394846064 35.537401033252642
129.374551980182815 35.539525810032139
129.372408824453032 35.538612598287735
129.370946653730357 35.538713714156806
129.369752270214832 35.539111817832691
129.369109414834213 35.539415603897801
129.367819435940078 35.540465172297935
129.366566057830539 35.54199930370563
129.366454149223074 35.542400347735153
129.364473199553771 35.542975465426458
129.363493504580163 35.541628734909814
129.362383709265941 35.540931477999088
129.363038378279271 35.540617642928424
129.363328730067934 35.540591824316628
129.363729108348195 35.540793467110952
129.36396549833043 35.540795731071682
129.365248278858758 35.540320483763679
129.368422398727716 35.537256307282995
129.368794463525631 35.537198312126336
129.369342609913133 35.536661282709268
129.370056253071766 35.535684410053499
129.378064796170179 35.528036137385229
129.374567181813262 35.529238949598167
129.373494094364389 35.527071228118047
129.374076507732127 35.526870686095272
129.372991390357669 35.524702356396908
129.371415325028835 35.525220334231484
129.371242571714617 35.524874009898731
129.35868500274222 35.528464636968678
129.358291977730914 35.52866449957947
129.357528057657419 35.528808819037394
129.357637857375892 35.528605766792246
129.358001826401363 35.528260198865716
129.358643556990785 35.528001692833094
129.371029275342721 35.524449505071637
129.37065231501029 35.523694960165159
129.371549869689659 35.523389122498685
129.371758942496427 35.523318982065277
129.372093018201298 35.523669316660587
129.37239391555056 35.523617928295572
129.375949516779372 35.522402777049749
129.375189250868175 35.519557909093812
129.375511894939109 35.519473692538327
129.374990064809083 35.517554460539095
129.379247691092132 35.517078053870122
129.379193826689317 35.516536517134774
129.384816367349146 35.515948657927751
129.38480193158253 35.514400684273959
129.385883553180719 35.51451304993801
129.386022349398473 35.511125755458067
129.385135788163751 35.511074581528327
129.384802196647485 35.510880268063168
129.384802141206137 35.510750319406924
129.386048909432162 35.510766216016677
129.386086938630996 35.509769811346203
129.386840970445547 35.507519031902497
129.38770090960773 35.507660552506039
129.387876372370982 35.506945668322437
129.387004641093 35.506800734647726
129.387399809107933 35.505201301360316
129.388583490499997 35.504693981902783
129.388507345128573 35.504576102257928
129.387928201718978 35.50482225515487
129.387511862327727 35.504775170361278
129.387659981256007 35.504218235772797
129.387385285318175 35.504128354142786
129.387556764321857 35.504035278407692
129.387373045529955 35.503714824255113
129.38726888954767 35.503650994029414
129.38707200836771 35.503735561188471
129.386973567432392 35.501769840648734
129.386493944624618 35.501177462359067
129.385825032891688 35.50089094559786
129.384869029157812 35.500933220659626
129.380395516701583 35.502605424433263
129.380277798607324 35.502992099066319
129.377952627705611 35.502507593000608
129.376734252122361 35.501814703735384
129.375274884817372 35.501590718889908
129.374247422511104 35.501580387262045
129.372571479258738 35.500911382956389
129.372565728963451 35.501031868095104
129.370920520311415 35.500962839288768
129.370041137181403 35.501175386935643
129.369921447409865 35.501051445505347
129.369504101307001 35.501320810271132
129.369622135163439 35.501458718265262
129.369512537380103 35.501560971375028
129.368331348363256 35.502308094188642
129.367628020832143 35.502513509347331
129.367123051023754 35.503071087314396
129.367294574793647 35.50415236771471
129.36704539017299 35.5041682377597
129.366551937000338 35.503839604681637
129.366275940316768 35.50406844072721
129.366028566591382 35.504533816277494
129.366104888855943 35.504588357481261
129.365188832897104 35.505208186760136
129.365040009462717 35.505088474358274
129.35963529882784 35.50636960186084
129.357680770277796 35.507090360505991
129.355396125743709 35.508159073829169
129.35474595648995 35.507521887543945
129.359430389545111 35.505497618915427
129.360046333306855 35.505423343588902
129.360297452239678 35.505167124225252
129.36050266949249 35.505095951131807
129.361084505182163 35.50516241947691
129.361692850340347 35.504875839755513
129.361759533745044 35.504988996826263
129.362306261394792 35.504820893296319
129.362448431223442 35.504607482409547
129.363780397037686 35.503785237957388
129.365425289229734 35.501292705554121
129.365326570619573 35.501249587775419
129.365177347071779 35.501491855915987
129.364852504388722 35.50135827992878
129.364943083007716 35.501006221499544
129.365071290959889 35.500916273230636
129.365072415245947 35.500520077267439
129.365448004429624 35.50007091858847
129.365544595680348 35.500124074147088
129.366468708809066 35.499005961789159
129.366377066493044 35.498945392333169
129.366832795354412 35.498388074435063
129.366727075708127 35.498329188226087
129.367113321677607 35.497633577019677
129.368267385649602 35.497817472255939
129.36945279171681 35.498318644014681
129.370199441837059 35.49839422776251
129.371126389244779 35.49813695503709
129.371224729386654 35.497710402755153
129.370884893662065 35.497230510900678
129.37223763273127 35.497297411150697
129.372155229407184 35.498008184762192
129.37232256407691 35.498019531656155
129.372396683586231 35.49734355548884
129.37239660969405 35.497504906129393
129.372750593130888 35.49752906278863
129.372700917143817 35.498041098927558
129.372863398461988 35.49805155870483
129.372909478214382 35.497534242952959
129.373349314131502 35.497562342601526
129.373303027786818 35.498072484814166
129.374127127611757 35.498954926955406
129.374876234416945 35.498551749722289
129.37517911759366 35.498828357706635
129.375370474242459 35.499211618650293
129.375790128042524 35.49936075311453
129.37579765382236 35.499569398241682
129.375535787035517 35.500008187016647
129.37596769017793 35.500128783819804
129.376283730247167 35.499928128979491
129.379317807503213 35.499863695582718
129.380787742873707 35.497599403732032
129.382359394280428 35.495913549983008
129.386226419229615 35.49080240192535
129.386109294146252 35.490742199027395
129.386575104840944 35.489996384728883
129.386484800135094 35.489445573655829
129.38682469486335 35.48961146336427
129.388901382355556 35.487690274472833
129.388364231989556 35.487257138971664
129.388520188583982 35.487129032918936
129.386321118520868 35.485340731610989
129.385688525720894 35.484833864527872
129.385533514225102 35.48495913388151
129.384691149103332 35.48428479145349
129.385093229231728 35.483934728970702
129.385002600197197 35.483861759378321
129.385710380746872 35.483301792573386
129.385709495616794 35.483132017523133
129.385960461023558 35.483131984317858
129.386821558687473 35.483834252577296
129.386979205312258 35.48370554820162
129.386052234649469 35.482952495438326
129.385707283459254 35.482951989899469
129.385702636452606 35.481723136133944
129.384361545318797 35.480957561833563
129.383996742632405 35.4809841894211
129.383722234575771 35.480851216096298
129.383855478039436 35.48061881730515
129.384155828920683 35.480706093579315
129.384368778923005 35.480596153497295
129.383979758241281 35.480373927706509
129.383973343994313 35.476786744259613
129.383989453754822 35.475921561391353
129.384574433600051 35.475622790333475
129.384447176414199 35.475463402531275
129.383880480233245 35.475762926219247
129.380666815197685 35.471653640153789
129.380256868380769 35.471607239502383
129.379821883771712 35.471820662128756
129.379700675111877 35.471667343014389
129.379511732912221 35.471761877645925
129.379630725574344 35.471921999707135
129.378481737060184 35.472517803532305
129.378066950080608 35.472178361301978
129.377561374464648 35.472180857052955
129.377753769533427 35.472074714951582
129.376885524511806 35.471637204752959
129.376602894193354 35.47158927800232
129.376418000815534 35.471201517523809
129.375123565982932 35.470726066015473
129.375635813430819 35.47023687466632
129.374908615504893 35.469818966675398
129.374540966431624 35.470321209634442
129.374258827001796 35.470020262272755
129.37383474686942 35.468707436347039
129.374068249181136 35.468466176154479
129.36157774509104 35.45994346939321
129.363924037674707 35.458101067305492
129.363559805334319 35.457790994008903
129.361849114544128 35.459065816672812
129.362030940423239 35.459328779056129
129.361516788730512 35.459776973024695
129.360981417193301 35.459428574158714
129.360252608775397 35.459385524031966
129.360219263919163 35.459457691428319
129.35984005654305 35.459259133798021
129.358913054526141 35.459264721343565
129.358305851859626 35.459437927834621
129.357343579489736 35.459284671561328
129.356956922436922 35.459561979515087
129.356066768648816 35.459851924429771
129.356004861210494 35.460337305454189
129.355742760227571 35.46070861918863
129.355794392154564 35.461075073159797
129.35564137878535 35.46164643531926
129.355261839139303 35.461968079090056
129.354898780037672 35.461993189419303
129.354221109838903 35.462335711385776
129.353422090125719 35.463038212749112
129.353250125241289 35.463266969261021
129.353499331720116 35.46368138335513
129.352841042548789 35.464583866160716
129.35297359696014 35.465140927599613
129.352707238819448 35.46530760592394
129.352408094396651 35.465743409117671
129.350601180188534 35.467248318990634
129.350336013441336 35.467882395557417
129.350355575496309 35.468200192662941
129.350452937311246 35.468103688058903
129.350538282048404 35.468280691591204
129.349120411618657 35.469282841897943
129.348154957237654 35.469402436699681
129.34709305737411 35.469839829118065
129.346617531368764 35.470224559148221
129.34657086431443 35.470336264903047
129.346959757194185 35.47065406946048
129.346921544631584 35.470807860021154
129.347162609498326 35.47113177411925
129.347191845956104 35.47158117017208
129.347041736132468 35.471603519733328
129.347067129814093 35.472228698868257
129.347357921505505 35.472179114412334
129.347063973794974 35.472250726733449
129.347223664527888 35.473256519838714
129.346866315680302 35.473421021277332
129.346788841817727 35.474190108171456
129.34657052516107 35.474661221533992
129.344316205241284 35.474353470217167
129.342335568295368 35.474235781993841
129.341837864919881 35.473822082595774
129.341459929492828 35.474143092259339
129.34138258503873 35.474764208517406
129.341443054740751 35.475104874795775
129.341573019459645 35.475087573160522
129.341575476161779 35.475160742994142
129.341489594935439 35.475439622656857
129.341291375593471 35.475536530165613
129.341295559917825 35.475693011539839
129.341188062304667 35.475558803778597
129.34058941018364 35.475581397564014
129.339808672561446 35.475378731678212
129.336055987237728 35.474856298019496
129.336689030284901 35.474864599977664
129.337118094455349 35.474714223880056
129.337152705509283 35.474264260350871
129.336840774921711 35.474196322049188
129.336869845578832 35.473719911699511
129.336987614284197 35.473403443350286
129.337544774163575 35.472842057886027
129.33807643966901 35.472703118583844
129.338606518842937 35.472416863386599
129.338902860481682 35.472510167358493
129.339253353278906 35.472399985096722
129.33957019002807 35.472096115938427
129.339927791728371 35.471974005590205
129.340404359259907 35.471493968152451
129.34072866806676 35.471383945260577
129.34099381828176 35.470937604400817
129.341042939105307 35.470139208935429
129.341233520275495 35.469845586785119
129.341691657405931 35.469399566155232
129.342709215629867 35.469027817210616
129.342568338877498 35.468201476719464
129.342751360557941 35.46765167790663
129.343454442078269 35.467348310026004
129.344373159242224 35.467616410128684
129.34483859788503 35.467285615441263
129.345334732903495 35.466599140151978
129.345440346225956 35.46612123836416
129.345840961427456 35.465372329340759
129.346288754738367 35.465193962786721
129.346396412117031 35.464961749695675