127.398922683885971 36.489104667589508
127.403014405285987 36.485483558811282
127.404173681104993 36.480982078304237
127.404160595656464 36.476567630137858
127.402421871975008 36.473089974114565
127.400928833385265 36.473298317063851
127.39889621279363 36.472892538632216
127.398535231861842 36.472291933199251
127.398325368812138 36.471206746428457
127.398186132220658 36.469575001471519
127.3982897000989 36.469508197022471
127.398230822304527 36.469142588321169
127.398123213272243 36.469134214037673
127.398335264264944 36.467469760586432
127.398601397906091 36.466738097496496
127.399074938586352 36.466447025909353
127.399477521058188 36.465912031495314
127.399724722856703 36.465811801234324
127.39959376989033 36.464815619013883
127.3990101509727 36.464307855141122
127.398984610673836 36.464118978382821
127.398992154848145 36.463581921599634
127.399306035941876 36.462305468477432
127.399774505762423 36.461809678832211
127.400064737516672 36.460447692102846
127.4000326125757 36.45886797252858
127.399876544689079 36.457936919108661
127.399776263993488 36.457687471726977
127.39937300312603 36.457330041589273
127.399277676178926 36.456377110795721
127.399720333695086 36.45574848813331
127.400826257950285 36.454894897663671
127.402088293999299 36.456034573401553
127.402549522760836 36.455564136896399
127.403102155559381 36.455313056971121
127.405831163028225 36.454938878028273
127.407964237211218 36.454737596506433
127.413030275451177 36.454808388291795
127.414966029618725 36.454706511349194
127.417038361221316 36.454918690704964
127.424704808832089 36.456176465257585
127.424705303331265 36.456267704752015
127.427449506885253 36.456869590422443
127.436770072788903 36.456401449886954
127.437040077518034 36.455998326857831
127.435780511575999 36.456143720557193
127.434020627994158 36.456153490164233
127.43395318607979 36.455778061568545
127.437438969984072 36.45576510179184
127.441334825259858 36.452469494948659
127.442415837483665 36.451274861347237
127.444103579015618 36.450398436962786
127.447162104742006 36.449194725237525
127.451330860664328 36.449253155662355
127.454762410145761 36.450274803551039
127.458405596461489 36.452298643114403
127.460962285375899 36.454480597176392
127.462558500131223 36.456127205458607
127.463512793741614 36.460298380594288
127.463589585036843 36.463399440273491
127.463780984756312 36.464514150484312
127.46667985611802 36.470073109511588
127.469306742084171 36.472572536147574
127.470286819238638 36.473663584099171
127.471256763615031 36.474369991679765
127.472427582101417 36.475021799148969
127.476128182164572 36.476331823170995
127.480611007175227 36.47720999235807
127.484032949330427 36.476617497817948
127.484536667810971 36.474542256227103
127.483285931092993 36.470007228232895
127.48160670366795 36.466409404842473
127.480535778410768 36.4649851103432
127.480107849985473 36.464650021322782
127.47940048965792 36.463746355192363
127.479016515276911 36.462818015915843
127.478102471514916 36.461462061208714
127.477685160218769 36.460519784105621
127.47748112418239 36.458936259641597
127.477583561949444 36.458415438486888
127.478278732306947 36.457280596093199
127.47950552222693 36.456007888644287
127.482107300442792 36.453885084496534
127.484542222118847 36.45292904894881
127.48690180168235 36.452783746646617
127.491619155261802 36.453349370851754
127.500591195243558 36.456203475187429
127.502788162711028 36.455508549895967
127.503797622946934 36.453685111878947
127.504456078257434 36.451896938616869
127.503476402063924 36.449357010959183
127.499369685024462 36.446248625811826
127.497142581408909 36.444717762994472
127.49349730500164 36.441194700730435
127.492429936068604 36.439373135995602
127.489721755585947 36.434125182565246
127.489922489937328 36.432427943726282
127.491284502580754 36.429528249922228
127.493347007187836 36.425799135327928
127.495560956456814 36.423097241117055
127.496505901556489 36.420340302025231
127.496945262537466 36.419486889125494
127.497091562048027 36.416571896185481
127.497418516336253 36.415358485683399
127.499637012479695 36.412699576959504
127.501554852148047 36.408653817612745
127.504480554384401 36.408206165229217
127.508058555597231 36.408266225499972
127.509497275473208 36.408620297076304
127.510465827375029 36.409639264383344
127.511017337340192 36.410306298768603
127.511383886979431 36.411137176808595
127.514510443294469 36.422473537957231
127.516143037739539 36.422487636369524
127.516525617823334 36.422351660215256
127.516557677088386 36.422115529306716
127.517286685747109 36.421674476022126
127.517597166434314 36.421412927493648
127.517678392587399 36.421154341178166
127.519044693636161 36.420216301072038
127.519067724024111 36.420037377164284
127.51993074869911 36.419817915179877
127.520271022512077 36.42037036679708
127.520146562157635 36.420465816200043
127.52095017900659 36.421580311523158
127.52231104496073 36.421893734709151
127.523224230574414 36.423102077839033
127.523916565046264 36.423432477466896
127.524319376291103 36.423431840405044
127.524803974426135 36.423129804909998
127.525007798926993 36.422711561994291
127.525355640976755 36.422517414866967
127.525635399847999 36.4221199593634
127.526007497567534 36.421931902694936
127.525921609601724 36.421103221001268
127.526040334745787 36.420908671150613
127.526360485227116 36.420897685778449
127.52700491437038 36.421178992821112
127.527640718180805 36.421187457791632
127.528208654314383 36.42105456625152
127.528723584821734 36.420320396251149
127.528774375633219 36.419794681965826
127.529381134019488 36.419219769629279
127.530123715691602 36.419126370416066
127.532644683013814 36.419383844091527
127.532863712521547 36.419209956529031
127.533276587569588 36.419180803621202
127.534272528162447 36.419350116590067
127.534792616832135 36.4193297714233
127.535244392165566 36.418951521354231
127.536410374339781 36.419451517962564
127.536549612153749 36.419988764212469
127.537321658302901 36.420381529641844
127.537782791465446 36.420122910184055
127.539237368082951 36.420426139898225
127.539618298314821 36.420614233569957
127.542280736623169 36.419279197776952
127.541839122360201 36.415687571114375
127.54288983550795 36.412078200961098
127.545574218892185 36.408818749729278
127.546070863549232 36.408646112102737
127.546647463996536 36.408772175707128
127.547079511646245 36.408454519515658
127.548623131225384 36.407944218796032
127.54848347005283 36.407751109243961
127.550100932059166 36.407118235428378
127.551700009331114 36.40548627039793
127.553199208565175 36.401217175173684
127.555037442988436 36.400105602104034
127.556320608423547 36.399665121225176
127.55711120841022 36.399545142523216
127.558165373953813 36.399675965430674
127.55878010175519 36.399856150428015
127.559678990751763 36.398218889333677
127.559159522723121 36.39781692305376
127.557431073027303 36.397306537432137
127.557228715377278 36.396846475796735
127.55508024620697 36.39518678295012
127.554024299952744 36.394870914352815
127.552637074697785 36.395239480871396
127.551354536382675 36.395019543880608
127.551078254833072 36.395209210442317
127.550026468415865 36.396869639274733
127.548574350626311 36.397033434969401
127.548123386782152 36.396755573788496
127.546874032470384 36.396425603539427
127.546273706977658 36.396429758953104
127.54610765623552 36.396519505119059
127.544659897232265 36.396158596172384
127.543942774831535 36.396298435519306
127.543612395589506 36.396100834766905
127.543113789539035 36.397009883106129
127.542456504862329 36.396963579129959
127.541225835204713 36.397192182733093
127.540204551674123 36.397123295208829
127.539827754484293 36.397745663754037
127.53922113916245 36.397899620211909
127.539158776950131 36.39719164596309
127.537428850832228 36.394948224841436
127.536661359130761 36.394677381823165
127.536334772471903 36.394774303292685
127.535286102410439 36.394540466982157
127.533920969888811 36.393617532525234
127.533428847129159 36.393549036951306
127.533170661127954 36.393255616964325
127.533355598332648 36.39302275499292
127.533674095584161 36.392939943414909
127.533423886301833 36.391747594452376
127.531771746289735 36.390916016525331
127.531333023405267 36.390937960331399
127.530770868276207 36.391300348127963
127.530147358502802 36.391193283790123
127.529059483717347 36.390096429428141
127.529402094504022 36.389357373679964
127.52852096506227 36.388982498562839
127.528312815449993 36.389028195331136
127.527718909838001 36.388427037813521
127.527084498310217 36.388042332305872
127.526799798591213 36.387658619477214
127.525669056315053 36.387322273002134
127.525123064674673 36.387628528776311
127.524934513119319 36.387506563959576
127.524582844714359 36.386456002591729
127.525566137727793 36.385221054664569
127.525275258325465 36.384484784544078
127.524804676274684 36.383802254932618
127.52508713231154 36.382139498300681
127.52497875687888 36.381428906280824
127.525391605337333 36.380464271302685
127.52531530143979 36.379705368651102
127.525893144728059 36.378964172000153
127.525605969835041 36.378647207170005
127.525764337359291 36.377544286834876
127.525383084322982 36.377219847160411
127.524880345903213 36.37646169747898
127.524795078627534 36.375896872057716
127.524983109902621 36.375502918135417
127.524830268337354 36.375249298829168
127.525846645639731 36.373982651387486
127.525975423968035 36.372572050209619
127.525819893095615 36.371761129104861
127.52598637349432 36.371583545420975
127.52590416025501 36.371241744357711
127.526203237244545 36.370923899914452
127.526253687978169 36.370553074919137
127.526578275733442 36.37006756473415
127.526518662782181 36.369462354871544
127.52630576269128 36.369337407421533
127.526120336481512 36.36897437870703
127.525984531445829 36.368013832626964
127.524969815098487 36.367412809778486
127.524824225713246 36.3664959579067
127.524440713974144 36.366449758231163
127.524089094772251 36.365912016120809
127.52442478405888 36.365604432213189
127.524849412577296 36.363628182020292
127.524489150831386 36.363384194152346
127.524514016664924 36.363172312519197
127.524367478357092 36.363049331777702
127.524492953752585 36.362392340506027
127.524272141750245 36.36209563447445
127.524462687425583 36.361485959012775
127.524253431922219 36.361095716009601
127.52408853161532 36.36103701447486
127.523581531424156 36.360403911745969
127.523679583240053 36.360046118250118
127.523016437994457 36.359517040773468
127.52284810531647 36.359021297754531
127.522892875439183 36.358634730067351
127.522093560663578 36.358124551938246
127.522001766247755 36.357881638292497
127.522544174941075 36.357092162212652
127.522870408945906 36.356806026139246
127.523093126964497 36.356346309737404
127.522915441205228 36.355519708820552
127.522742395560599 36.355412325398042
127.522395519166068 36.354324836197392
127.521607474758113 36.353746738020142
127.521527029238413 36.35332494890865
127.52044198235231 36.351429058803426
127.519771705530388 36.350860008118843
127.519369033861636 36.350352876251804
127.518692783754972 36.350245970530892
127.517715307832702 36.349730910465453
127.517210924682928 36.349343613177389
127.51711283128985 36.349064108780162
127.517625131892302 36.348146657776901
127.517282570321555 36.348013240084953
127.515776278204768 36.348678429512766
127.515106521467914 36.348234386477444
127.514894353265191 36.347784996271727
127.514287655156892 36.347530209518439
127.51330889872537 36.347608185077817
127.513001394898339 36.34745659160118
127.512863004191871 36.347241741773168
127.51265120236755 36.347219560672833
127.512234170850746 36.346342141078942
127.511966554401738 36.34611574034826
127.510583709705017 36.346280468756383
127.510302240701961 36.346626082854669
127.509155006688871 36.346783314547217
127.508273285717507 36.346604290023926
127.507437722699805 36.346294677053834
127.507430797359021 36.346004359599448
127.507575583315216 36.345811969779241
127.507418987467844 36.345389084958754
127.50794391871807 36.344849542492121
127.508026417530402 36.344526178476137
127.508056798899744 36.344057445093178
127.507885160582063 36.343757408566475
127.50807134895156 36.343240702661433
127.50674404285337 36.342809255341194
127.506520396475764 36.342485501463791
127.506040986893382 36.342312359023893
127.505576105161921 36.342366983648702
127.505087712844784 36.342148825790993
127.504536012776114 36.342072017982517
127.504446245673194 36.341807390310322
127.504882042584285 36.340992820161738
127.503836526518029 36.340854439885852
127.503504114991699 36.340666031729782
127.502178570671319 36.340391096280818
127.501341809987466 36.340069900439183
127.50084184878655 36.339698573906723
127.500558885856506 36.339294230753843
127.500541672361649 36.337769078973878
127.50156646390964 36.336225486577533
127.50141383496117 36.33592536110902
127.501382963163522 36.335397460337582
127.501076741062562 36.334837206115715
127.50129296935971 36.334060450776896
127.500920613479664 36.332925409905066
127.501390445381261 36.332510325115372
127.501716829160628 36.33181589902015
127.501415760347527 36.330725061657027
127.501695962287599 36.330184026214411
127.501560417455678 36.329479429303717
127.50164385771825 36.328975842580945
127.502200255670203 36.32781579070577
127.502019886677218 36.327501706315729
127.502860349491669 36.32638382600333
127.502959656125242 36.32561573161442
127.502189346699708 36.32423397250853
127.502194008877055 36.32387489306798
127.501827086234002 36.323530047090827
127.501529100454505 36.322834861298645
127.501150988601708 36.322590305613254
127.500942454037883 36.322576814234083
127.500429659991752 36.321620904820556
127.499986307663221 36.321103176728435
127.499973039032753 36.320768104639825
127.495975707313832 36.319882412214533
127.496866778567849 36.319445882575309
127.496957677364207 36.319183318013295
127.496842423012325 36.318622260061247
127.497004499453652 36.317949369158804
127.497827666255048 36.316412561341252
127.497642117200073 36.316126083665942
127.49768450867235 36.315676160484927
127.496928780230874 36.31483671140284
127.496919194036309 36.314393762562894
127.49646922686722 36.313837180115371
127.496159158107901 36.313641331950151
127.495795936498595 36.312960487848557
127.494401301998607 36.312575075086656
127.494098037769163 36.312103219066628
127.494568115259668 36.311990040572695
127.495089358595934 36.311685150108843
127.495668762134045 36.310977022971407
127.496173738435346 36.310633057575913
127.496396453311888 36.309618598725869
127.497093298543206 36.308502487106821
127.498194010076972 36.307923422703787
127.498138141731616 36.307535871536693
127.498242200328662 36.307182567275738
127.498774117181114 36.306759905674589
127.498976845285966 36.305672871822637
127.49849447605051 36.304938729541441
127.497832207509347 36.304666344624515
127.497727609904132 36.303642542776643
127.497336988496272 36.30242166997985
127.497499141357451 36.302123611206625
127.497426614636495 36.301576449834862
127.497199935098621 36.301573443035956
127.49655544776212 36.301137638094886
127.496182732535559 36.300544129212916
127.496016244716714 36.299411312948898
127.495006099804939 36.300405361714134
127.494792248179664 36.300782771985254
127.494336543145764 36.300874201836983
127.494153373728309 36.301041392726852
127.493583164991321 36.300962069209348
127.493476417214637 36.300583736568306
127.493052317099583 36.300501274374248
127.492804116169424 36.30025644624024
127.492488583220563 36.30017691558988
127.492329374162381 36.299726425866638
127.491607923275609 36.299297668936468
127.491413585889646 36.297430217450348
127.491177255130182 36.297023125506861
127.491197323723298 36.296587939377211
127.491841529774845 36.296155277442068
127.492016401624198 36.29577522068206
127.492290178035901 36.2956073796013
127.492424528500322 36.295201021130104
127.492683124626751 36.29499747335187
127.492777629442955 36.294507641117555
127.493581897935158 36.293310278907263
127.493501431983447 36.292905361228577
127.49371090146461 36.292469404386665
127.494079024881245 36.292453245162235
127.494377757055204 36.292050422594798
127.494408923384256 36.291614630933161
127.494792321712865 36.291178802760705
127.495128619228169 36.290419581950545
127.495568830385153 36.290113896528403
127.495409194623193 36.289538652620458
127.495769520926501 36.287792543804514
127.496291681049598 36.287522852479789
127.497614598860309 36.286537625703275
127.497794598909977 36.284696788309802
127.498986854965523 36.28308408560121
127.498661658934168 36.282595990835958
127.498528704013211 36.281321382258319
127.497872696843132 36.280907592499773
127.497300331105194 36.280353491272145
127.496781240220372 36.279230020964654
127.496114415074345 36.278641104556321
127.495060551963519 36.27809038861313
127.492985836824644 36.276312351880087
127.492924718747588 36.275800060064391
127.492622513554736 36.275472650185463
127.491290102322282 36.274720567536775
127.490697906852816 36.273929108921386
127.489559591497084 36.273399246893064
127.488753482418147 36.272710600147747
127.48936970740597 36.270605525914704
127.489443285063231 36.269826554817449
127.489747151683702 36.269560873331507
127.489915181766108 36.268872480697325
127.490255125877042 36.268370380035023
127.489870117604056 36.267751268175381
127.488330202350625 36.267217118357159
127.488093944270872 36.266242554739399
127.487699880955418 36.265308897566015
127.487472582010341 36.263366097693087
127.487150414039803 36.26322856954247
127.486890383110961 36.262173832975769
127.486285372092269 36.261846518711067
127.486048355880143 36.261248474947081
127.486455625197522 36.260641908839276
127.486238550627405 36.260318084771853
127.486108508642403 36.25972777142389
127.486313987420104 36.259216366612279
127.48725298105326 36.258761409240705
127.487490593511993 36.258245925946511
127.48770661224745 36.258175485549067
127.488936934402147 36.258355788169517
127.489744665215227 36.257987506535493
127.489811498944349 36.257830654266819
127.489984011481596 36.257335427926741
127.489498451157687 36.25594340407811
127.489650417216509 36.255050616437977
127.490097696766412 36.254596226202608
127.49037995548926 36.254026204533318
127.489812842971588 36.253802099139222
127.488540332579362 36.252581970886588
127.487607853751484 36.251439292356103
127.48808814476763 36.250281007734429
127.488445156774546 36.250019619503831
127.488319994316598 36.249656285983896
127.488776366566043 36.248738315243671
127.488514955686639 36.247904660855454
127.488542791735412 36.247544364858719
127.489249502686505 36.247050053676581
127.489413758145588 36.246011620399493
127.490270549656131 36.245000774438097
127.491063776333476 36.245005417127054
127.491761158071071 36.245166738126599
127.492318228274783 36.244379588613562
127.49270788047167 36.24306113832143
127.49227388927531 36.242403362603795
127.492519591964921 36.242195083395899
127.492838961404402 36.241508596414825
127.49321511110081 36.241062650828376
127.493256559592695 36.240520366654188
127.493140121051326 36.240025195557529
127.492646055053754 36.239485956128476
127.492539884999744 36.237323557055049
127.491467907119457 36.237480583576563
127.490602880099118 36.237377109108991
127.489971389258386 36.237095536666956
127.489839454949347 36.23639597325856
127.489387595979281 36.235731502193275
127.490028360067271 36.234602130386328
127.489970124713679 36.233482080581886
127.488888008142283 36.233091379166275
127.488469673126701 36.232533511065043
127.487290663704769 36.232855970726668
127.486514010008776 36.232532162757536
127.485791426772778 36.231954665107651
127.485299860712715 36.23194736369588
127.483545979615243 36.230356815150635
127.482959407729012 36.230439715639058
127.482650852581116 36.230374782499467
127.482126561051814 36.23058387371114
127.481724020997973 36.230410886750882
127.479546291653037 36.230122504510334
127.477857170820371 36.229668789759103
127.477973449674565 36.228810228577778
127.478187397388822 36.228296828801213
127.47805620975025 36.227956875463846
127.4779835583482 36.226866442590691
127.476830955918572 36.226002231512723
127.476267898188951 36.226092332937455
127.474788945338176 36.225400900872245
127.474422474538031 36.224947252146904
127.472526270366174 36.224628618787257
127.472068392985094 36.224810089689193
127.470998077083777 36.224585617482454
127.47035888174193 36.223505856382197
127.469345036760942 36.223421967430291
127.46792276974665 36.223037469433983
127.467302606897078 36.222346820516982
127.467315324363881 36.221619620959714
127.467789848922195 36.221285183086422
127.467454320565807 36.220326448690834
127.467586719186968 36.219853088960164
127.467434800713121 36.219026564529102
127.467478711836307 36.218607341163477
127.467788837618343 36.21806964758224
127.46783180357852 36.217052826299231
127.468159258745402 36.216713606375471
127.469406201428853 36.216008633224213
127.469339484914684 36.215894550156058
127.469626845602448 36.215243168196992
127.468917275942118 36.214556533077719
127.46665075619832 36.214216154208295
127.46616289525609 36.214052735764639
127.46532074687461 36.214332280335853
127.463735719804475 36.214015391910074
127.463583769085417 36.213736330372846
127.462858597063942 36.213606763501481
127.462474367797782 36.213689349418743
127.461996313117496 36.213358599400181
127.460933130164861 36.212924203947715
127.460283926012266 36.212918809233955
127.459953634237891 36.211999168876488
127.459932879219778 36.211271820773923
127.459171681207522 36.210233014953339
127.459241813940181 36.209745548211814
127.4576454104742 36.208885376003344
127.45707941881922 36.208782200984253
127.455212129369272 36.208033711799274
127.454161065885927 36.206999072535368
127.454092490531636 36.206585912295182
127.455494339126076 36.204520820504555
127.456094750030275 36.204001485350929
127.456385157020534 36.203595973462981
127.456265397559505 36.202805356280301
127.455999470335456 36.202336342659429
127.455875491503505 36.201085847367786
127.455591698222761 36.200800796219482
127.454804210623521 36.200780403178705
127.453787104350511 36.200315642728405
127.453361442112794 36.199979863791235
127.452686987548446 36.199825826296667
127.452263241935654 36.199549460434419
127.451840663725989 36.198781380051507
127.451492906731332 36.198698481732237
127.450715949574885 36.19881461781884
127.450304975397756 36.198461594832843
127.449879450133054 36.197718023307395
127.448997717040257 36.197341687862803
127.44871641082598 36.196722891718771
127.44802923244302 36.196706306678507
127.447317666870006 36.196524495950676
127.445847706776576 36.195990381963242
127.445416480477306 36.195582499548244
127.444660165021233 36.195534042990985
127.444352707727248 36.195292706613891
127.444226027652249 36.195008461951154
127.443694565459609 36.194753300005807
127.443374183152429 36.194839815426477
127.442750528296557 36.194746365638572
127.44110196452273 36.194786784871567
127.440900323380077 36.194919612306322
127.440756830795635 36.19659945139226
127.439415404965303 36.197300816371808
127.438204554350961 36.197148659192884
127.437991943801151 36.197374443027698
127.437275981916642 36.197744854038675
127.437126324357564 36.198199932954537
127.436739444276355 36.198518170751214
127.436120948753512 36.198357925310631
127.435271973704403 36.198616429527185
127.434639205857053 36.198388070191619
127.433901429035316 36.198429326104403
127.433530624784538 36.1985756931563
127.43291362721024 36.20011191565591
127.432562663585003 36.200551102542597
127.432271958324307 36.20120889209948
127.431181397136314 36.202126114357469
127.431186788383968 36.202730169898501
127.430919553820118 36.204125719197236
127.430409470577132 36.204225832906054
127.42937095808162 36.205205655305527
127.427908798397397 36.205123006957947
127.426465359539037 36.205931325175776
127.425573544203573 36.205807475177593
127.42503896966393 36.206040297872633
127.4239475366645 36.206016272327346
127.423657934746359 36.206151347111948
127.422731716923025 36.207291233920571
127.4223235749145 36.208102053761991
127.421156086492104 36.208090942577734
127.420289514697714 36.207947535169502
127.419784645309036 36.207433937156793
127.419756387258388 36.207185082921661
127.419559400664824 36.207126913306851
127.418023812855324 36.208047254062798
127.417179000624984 36.208434602141942
127.416727150657039 36.208416462688383
127.416397251188101 36.208690494653261
127.415262553392083 36.20903518125585
127.414458341181259 36.209976889691937
127.41388137196904 36.210123069135307
127.4120938360971 36.211398763634456
127.411191402625917 36.211611663317697
127.40999893337171 36.211686987895504
127.409790634691817 36.211995229557203
127.409125276365103 36.212423876588133
127.407999299287482 36.212892945643944
127.408456827421304 36.213365360425591
127.408730375605828 36.21391020777255
127.408866940248373 36.21477882180249
127.409772978824378 36.215786760598313
127.410005275941572 36.215914953831387
127.410640893043166 36.216811428945107
127.41062719797074 36.21755185651309
127.410005191366722 36.218104272512392
127.409665114973222 36.219009442052446
127.409392073215443 36.219333674829386
127.40920625554115 36.219325574325744
127.408881822929473 36.219595341189176
127.408372489304426 36.220601618503764
127.40796117611076 36.220740447249803
127.407518671971019 36.221401511780172
127.407000895997299 36.221519006182824
127.405719081542699 36.221584453413612
127.405288865557623 36.222002992264194
127.404570566499018 36.222433478380502
127.404543582069806 36.222931475034734
127.404074142541859 36.223566419423399
127.403932070850701 36.223988201766367
127.403114724560695 36.225071813792681
127.403156163960418 36.225393280645285
127.402482465968689 36.225886127881125
127.402157899084813 36.226990042143605
127.400908246820492 36.230119922125851
127.401070757559921 36.230975226585848
127.400741623827017 36.231941162256383
127.400893681591242 36.232312674466421
127.400766472824728 36.232553597479068
127.400910454946029 36.232876697750591
127.400714103873383 36.233159541102211
127.400249136978445 36.232879191354968
127.399278981577368 36.232542781549355
127.398539469246202 36.232582978934467
127.397884637164495 36.232767921077027
127.397428622670546 36.232259693275203
127.396618175884001 36.232122687610627
127.396019733682081 36.232565685609458
127.395089177786502 36.232462581012975
127.394970018576387 36.23257928012729
127.39412406007537 36.232534187754752
127.392963632083962 36.233317796171185
127.392574745110991 36.233439879379318
127.392006852980188 36.233322049315603
127.391517751100636 36.233426153785281
127.391509038862679 36.233667250002888
127.389790403939955 36.233379107173072
127.389175996931201 36.233804088140872
127.387343173293701 36.234152462742671
127.387050920016122 36.235160769980368
127.387425084984073 36.236141008321319
127.387305911881171 36.236367248956086
127.387392314278344 36.236546648550267
127.387256545092512 36.237287183269316
127.389026325180268 36.238129426826603
127.389595335285179 36.239029894750971
127.390370058026775 36.239524715811484
127.390648355907103 36.240612558490859
127.390251449933032 36.240985309995089
127.390265306434657 36.24143135088336
127.389954825695057 36.241775936084295
127.390086849732938 36.24214555255854
127.390859265366274 36.242762883611391
127.390885912886134 36.242949794112072
127.390455372320162 36.243095383495728
127.390411014357099 36.243545840515587
127.389615185547896 36.243958742856407
127.389152900267334 36.244544327190745
127.388505946075654 36.244941536179454
127.387890905994297 36.245890605799154
127.388197111474724 36.246366965333969
127.388132957162739 36.246786502498843
127.387905799240713 36.24693874288144
127.387486885950878 36.247865502463156
127.387429173990228 36.248254325767618
127.387073489816927 36.248679038172817
127.387382134728185 36.249046400952608
127.387498630337475 36.249579688854332
127.387099914322064 36.249596466626393
127.386798098982112 36.249981278342894
127.386804791413141 36.250354131575293
127.38641242182203 36.250672214810429
127.386604356478315 36.250957723498217
127.38660982377624 36.251470811504923
127.386800486969364 36.252026678982624
127.386557382791295 36.252508747807482
127.386810224792995 36.252841092360256
127.386887408623451 36.253230326023619
127.387581144280333 36.253985929405587
127.388221767031752 36.254227179297153
127.388223116959381 36.254501188515263
127.38864360151517 36.254981114425256
127.388775511483189 36.255360311491209
127.388941286840023 36.256471049606247
127.389181866013288 36.256742030917223
127.388899676378443 36.25723352257188
127.38899519010188 36.257598479992446
127.388785214556776 36.25795962330276
127.389154628341089 36.258620237982896
127.389031792691895 36.25888367205264
127.389271933519751 36.25920619402099
127.389954533318928 36.259349015519938
127.390172006181501 36.260431411948467
127.390448290542594 36.260959110279856
127.390257977697246 36.26227094978649
127.389780451090132 36.262783083712826
127.389673320897771 36.263095177111985
127.389207591777932 36.262864353679753
127.384396481640877 36.266662000914167
127.383350413678158 36.267983035701548
127.383333554734364 36.268591386764129
127.382867335747292 36.268692850708135
127.38078226540064 36.268691875950744
127.380873538852825 36.269515040724492
127.380141776448312 36.269648598364633
127.37987608786959 36.269579028737006
127.379751583191123 36.270083247270499
127.377628005835476 36.271486493625822
127.376955832786521 36.271326105223565
127.37634024007788 36.271647397566561
127.37511423873832 36.271962699276429
127.374204998360682 36.271899353881672
127.373277267552368 36.272188654053004
127.372460439582596 36.272178520392792
127.372058994509715 36.271864340927095
127.371765810235814 36.270243124035886
127.371345014803509 36.270171772511951
127.371233463035736 36.269894156933049
127.370277637163937 36.269756019882301
127.369865083577864 36.269512557852288
127.369475383129412 36.269509539448158
127.368985252809026 36.269819412708237
127.368657779088494 36.269216067994648
127.367666403594242 36.26927937875697
127.366975455596318 36.268811751743755
127.36667429194577 36.268737756486672
127.365364233482325 36.269260206779272
127.364715274273578 36.269220220310189
127.364060382458987 36.269400758562561
127.36366970988901 36.269789441757126
127.362885413261225 36.269170566650871
127.36322732614056 36.268655292264562
127.36296491688671 36.267934302480647
127.361825101000932 36.267024167204752
127.361733492225412 36.266311942487064
127.361950326406316 36.266122888842887
127.361848349865667 36.265537427708161
127.361457668049965 36.265315839355921
127.361428076113882 36.264891256985983
127.361160171410845 36.264746737250995
127.360679551213437 36.26409595116619
127.36037225293245 36.26404533483565
127.359501949824079 36.262586342233632
127.360200247034484 36.262212792223927
127.360467370048752 36.260931751569736
127.360365904101599 36.260188579433652
127.359989948051592 36.259910061895702
127.360255213779809 36.258756589984117
127.360743677499869 36.258432959818883
127.360863555258831 36.257882590000776
127.36079961033704 36.257282927804219
127.360552202610066 36.256751133958176
127.360826498031429 36.256472629277944
127.360819482194799 36.256269604732665
127.360406427752807 36.255897132095733
127.36036036041024 36.255173790599649
127.359734502429703 36.254912917742821
127.359598865419542 36.254715063296771
127.360022581582584 36.253809509907043
127.360838664654295 36.253812972997771
127.361555221806725 36.253382757269982
127.361458764163658 36.253125082742798
127.362063855315526 36.252539464859218
127.36264537518079 36.252348462814993
127.363042896742641 36.252406127053796
127.363289166915479 36.251976471638464
127.364156827657055 36.251559579074097
127.363637083456368 36.250895684341231
127.363735805176248 36.250550960810401
127.36421236445436 36.249882641622364
127.364185482849649 36.248770047968478
127.364403161157881 36.248286965749699
127.364510976699393 36.247355048548485
127.364242543115452 36.246746995195402
127.364485073766289 36.246303262929139
127.364408508507168 36.245872342684748
127.364541111134997 36.245037496158361
127.364448361814084 36.244792493322564
127.365137113072649 36.243634064543087
127.364064783645802 36.242547162975754
127.363815683725704 36.241568446786452
127.364200212051657 36.24082182936813
127.363794643366646 36.240511869504935
127.363357392627449 36.240529802681486
127.362944227878771 36.240344901577323
127.363608425450764 36.238690344780018
127.36316408245186 36.238600722875205
127.362625587633488 36.237542328428923
127.362858539143346 36.237060895687861
127.362554015502724 36.23656785748333
127.362183597531811 36.236375219246518
127.36204916021056 36.235637777159205
127.361143348242905 36.235091907191595
127.360869786146395 36.234374312930939
127.361308194104609 36.234501982223385
127.361938802903055 36.23420128533391
127.362294754950653 36.233897187774836
127.36243855151325 36.233456290447961
127.363402387412449 36.232303248359464
127.362785847205828 36.23176440033172
127.362493332568818 36.231270756975995
127.362540835238448 36.231017711593786
127.362016732834221 36.230241460149742
127.362095459933244 36.229559971043628
127.361975834734778 36.229054260460011
127.362297718569977 36.228338818500575
127.361625133046573 36.227656222205738
127.361128498699443 36.227559153025588
127.360711363061768 36.227098266782782
127.360111438449636 36.226680167532841
127.360352117685721 36.225914562156461
127.360355901549227 36.2254867651179
127.362106828904956 36.224312210468959
127.362323621060938 36.223913907688321
127.36299070807442 36.223632246578092
127.36326277486819 36.223350650569024
127.36404618710695 36.22172754570429
127.364557749961023 36.220024721282329
127.364529832352389 36.219814720838926
127.364322572043449 36.219524428301042
127.364197180151066 36.218901292491111
127.36347871490203 36.218655650484607
127.363133968516635 36.218737798858633
127.362846892982091 36.218625729824332
127.36225300139111 36.218601333351572
127.361686407101033 36.218355213895705
127.361044555824662 36.218521610482036
127.360638142950279 36.218456646782741
127.360394236120484 36.218205893094314
127.360176869517304 36.21737294446644
127.359808836397065 36.216652816276891
127.359592864616971 36.214864600566109
127.359674406492715 36.214608924430685
127.35943094435811 36.213918268141995
127.358673948126381 36.213825626503343
127.357261826678851 36.213184633612599
127.357191886220519 36.212513175106373
127.356675197659655 36.212336726366317
127.35630918245117 36.212321760932433
127.355558151039375 36.212890320390578
127.355185939521505 36.212848623615315
127.354819128407371 36.21273395826708
127.354167375882 36.212312600265264
127.352967693469125 36.211839057959097
127.353063354916856 36.21112092349474
127.352830980219991 36.210640875955647
127.351898968936524 36.210063465967856
127.351761415596471 36.209490486965926
127.350273262554964 36.208680389460625
127.349545164005988 36.208036463440834
127.349384961823091 36.207524656134346
127.348564476586716 36.206256637760177
127.347822569645359 36.205506012628625
127.346866985319977 36.204126850822348
127.346651721097388 36.203255010500662
127.346862920012541 36.202211838352291
127.347404507575405 36.202062695773485
127.347488571796333 36.201939954171948
127.347690496975773 36.201003256550543
127.347410400589766 36.200126810082921
127.347659960416692 36.199630712214685
127.347683412987863 36.198487544174554
127.347892054024285 36.198287830175225
127.347586596209922 36.197566633792782
127.345731334503796 36.196888203272188
127.344021932129266 36.196664149473378
127.344049792628468 36.195881996813675
127.343859657637978 36.195504038835068
127.343859865834574 36.194635234838366
127.342902538772336 36.194126541587529
127.342147953694081 36.193416181245013
127.342195769590887 36.193107386946274
127.341741344649279 36.19250854723569
127.341349315636819 36.190107979840825
127.341169127431399 36.189493425346342
127.340925626415242 36.189142082703754
127.340731983803124 36.188910015962826
127.340383439893714 36.188891283536954
127.339465890872376 36.18904652172057
127.339167600016495 36.189243373262691
127.338146216529239 36.189086847738217
127.33815654545937 36.188414302555465
127.337930559402537 36.18756584203215
127.338045761367539 36.186922857778193
127.33794665984874 36.186334826621852
127.337581937135027 36.185614896479564
127.337079001260761 36.185190771256813
127.336875613515048 36.185236960294809
127.336341334891216 36.184834053420005
127.335511962358268 36.183372207083011
127.334031781498894 36.183100056857782
127.332684114810917 36.183520875037956
127.331697846642797 36.184055585887798
127.331934386637187 36.184666898630482
127.331853058794351 36.185567758218681
127.331953964178993 36.187964380002292
127.33152752546323 36.18875325445029
127.331509178028924 36.189804602258391
127.331062521186624 36.190165742921984
127.331091160871267 36.190574301217779
127.331627050146977 36.191193802211586
127.331555699227295 36.19174260045186
127.33170280752347 36.192687329928901
127.331634596404399 36.192991103451462
127.33086005368547 36.19346158004354
127.330246833001382 36.193672512825756
127.329814666629957 36.194182026277169
127.330743730812529 36.194723849333613
127.330708248493238 36.19508695687103
127.330892426348044 36.195717285728584
127.332100111361413 36.196200601977885
127.332106474587377 36.197383679460856
127.331768893126963 36.198741754075591
127.333568792036004 36.199824684347462
127.333455456126131 36.2001378845885
127.333550652682192 36.200671298087116
127.332596235371241 36.20101948527563
127.332001527484749 36.201513406486661
127.331370478415309 36.201340262001288
127.33094415668937 36.201387342057579
127.330404785170899 36.201532449742253
127.330114741050465 36.201763617835901
127.329807052479822 36.20184669531011
127.329760782427954 36.202333466186296
127.329438694547221 36.202963490697513
127.328141502534734 36.204080856573015
127.327040292382904 36.203820825958282
127.32587188225105 36.20369754227
127.324904633495819 36.203351795192248
127.324490290307708 36.203357420537706
127.323945834896762 36.203158372590551
127.323645569686036 36.203446717086308
127.323035332840035 36.203729142685162
127.322808783663632 36.204199496416145
127.323179359434832 36.205342169293239
127.322827523205035 36.206444541269775
127.32206077486272 36.207170084441486
127.321913432144967 36.208022953335863
127.321436316204782 36.208534240797192
127.32086677352784 36.208925806424247
127.321053278214094 36.209796932155434
127.32092702744275 36.210453454646142
127.321132486933848 36.210688053181869
127.321069812413654 36.211128678524027
127.320608434517581 36.211630080226911
127.320631311730637 36.212000625046691
127.32072920995337 36.212231302234215
127.321550366623697 36.212948089220916
127.321530786812602 36.213429709800977
127.320961943690165 36.21417105433575
127.320014843294175 36.214621921441811
127.319597377138663 36.215417764130777
127.31857252194304 36.215597063444939
127.318075488777012 36.2159295675783
127.317631857948626 36.217009358158649
127.316798435812629 36.218001738998097
127.316845153807279 36.218341815877444
127.316394722534568 36.219507790419826
127.316024405294996 36.219944995090422
127.315641059137661 36.220815369760622
127.315153656071999 36.221392563594527
127.314731495782183 36.221556451740476
127.314335602325073 36.221943025282677
127.314461178298359 36.2224059620766
127.31337067598713 36.222402898778711
127.313212511828596 36.22265902266043
127.31280944462155 36.22290902507315
127.312369278370284 36.222871022412264
127.31145958683183 36.223063758204503
127.311345929441529 36.22328371863577
127.309601119091326 36.224569597688514
127.309183597585374 36.224723882468481
127.308743455372365 36.224739658683355
127.307775344504392 36.225381418193919
127.307474157252088 36.225470054379336
127.307084536081732 36.226276488328423
127.306704371884607 36.225986825300346
127.306389782887365 36.226159978941432
127.304835346301488 36.228711474638885
127.303902566856493 36.229025872683465
127.303720028548426 36.229240654388654
127.304254587765556 36.229634420463263
127.303566565965838 36.229735289666309
127.303186626747063 36.228103960216664
127.302795796546206 36.227160670950916
127.303144226963241 36.225479921809054
127.303578148789313 36.224432599483997
127.303685436066516 36.223816708246694
127.303697855009844 36.223248647544551
127.303244002008327 36.22263501007366
127.302552044525498 36.221876653051226
127.301094825912458 36.221358746423668
127.299858845330149 36.221391970008767
127.298858991765172 36.221278142449847
127.297323530962913 36.221524709738233
127.296752449892509 36.22202487474069
127.295753214531913 36.222261079517708
127.294591735997685 36.222983195257441
127.293567978653257 36.223123401322461
127.293569752119922 36.223744101785677
127.293330382112828 36.224146274293304
127.293422069214785 36.22445302269616
127.293095645761056 36.225048882043453
127.293045443130623 36.225430605713676
127.292596596204902 36.226053239642845
127.292382920904458 36.226218505263766
127.292106767125006 36.226267057543453
127.291925675368205 36.226548831125214
127.291666933132973 36.226507778749244
127.291610532002323 36.226625916686814
127.291640175372692 36.226794816566411
127.292188939745373 36.226960765350498
127.292448069182129 36.22729188991994
127.292793857296118 36.227414961774414
127.293124783147263 36.228169470678495
127.293128144752245 36.228418973782944
127.292885932250243 36.228575298828872
127.292971821063276 36.228960916434232
127.292565355187435 36.229301257038045
127.292299712850621 36.229796998088638
127.291280003621722 36.230212045761597
127.29059797606412 36.230675835463963
127.290068397725463 36.23081905023696
127.289593181581111 36.231372452607438
127.289256766902525 36.231488165613861
127.28895580133613 36.231883158541713
127.288750110786921 36.232623474910639
127.288141372838425 36.232888812113686
127.288045519919976 36.233391742945365
127.287756842901643 36.233872317238294
127.28742066615051 36.234148252690119
127.287270985152702 36.23461949202818
127.286282252208537 36.234588900689133
127.286099299048459 36.234417262540745
127.285845073997464 36.234481797347208
127.285336602312526 36.234844318771664
127.284190994644504 36.234982777810835
127.283154792740291 36.235293590701168
127.282951818979782 36.235400804291949
127.282927398674246 36.235763031863456
127.282152018924577 36.235665722133056
127.28183982343775 36.235803038204772
127.281816303901309 36.235936298405704
127.281996639581905 36.235962351910032
127.283247421785674 36.236887350018897
127.282938500830198 36.237454420183241
127.283173906360545 36.237812646662093
127.282981176205425 36.238109934154814
127.28308250683115 36.238835719646872
127.28276826962221 36.238943186981253
127.2821056641464 36.239815235660913
127.282052356052375 36.240801882268016
127.281807190104587 36.241416390213899
127.282440562612251 36.241939000855794
127.280726063903359 36.243144415005247
127.28076644532014 36.243500289554007
127.280300636575461 36.244349619504796
127.281415555549046 36.245654294611448
127.281129312235137 36.245914344309902
127.281108162881367 36.246423556220989
127.280916393563487 36.246708445931688
127.28022762725098 36.246798197965227
127.279908366230444 36.247164768772855
127.280470624830471 36.248207429421342
127.280972902682635 36.248514635706599
127.281152544661325 36.248825124395083
127.281100156822205 36.248954216132006
127.280387561131462 36.249294392096964
127.280311835133787 36.250192944235806
127.279916458643839 36.250769497488207
127.279799817888247 36.251800499333719
127.279579155736698 36.252326242975926
127.27910742546625 36.252595153583023
127.279040776335975 36.252777230536701
127.279145381079118 36.25310874057282
127.280206948473705 36.253553485756512
127.280815910206826 36.253936764162667
127.281861988917115 36.255005034597843
127.282400255705539 36.255787802144916
127.282525589880677 36.256458891075617
127.282742551845033 36.256213088014285
127.282816616509763 36.256359922986775
127.282286414266579 36.256962144322443
127.282188956096277 36.257271316878551
127.282253525386253 36.257973522375281
127.28259816398058 36.258472869652969
127.284550732716184 36.259892986125749
127.284773967684913 36.259983981791123
127.284905407363155 36.259698391328136
127.285465700774154 36.260108786208569
127.286433963230209 36.260441336965791
127.286648809312084 36.260810310107281
127.287234072633453 36.261197540859513
127.28976580701061 36.262196566157073
127.290674774097496 36.262753673689964
127.290819519372789 36.262969048598826
127.291334411265822 36.263169163922349
127.291874314340475 36.263550848459602
127.291915964427517 36.264235368836175
127.291751231376082 36.264688613475009
127.291126212018924 36.265412480022974
127.290136603352664 36.265911930801707
127.287763675506355 36.265486759128628
127.286506662280075 36.26495018589803
127.285862828902211 36.264814559470125
127.282986411546688 36.264823055869634
127.282092718912239 36.264927954360076
127.281229097224255 36.265184563136501
127.279644976946784 36.265890613497461
127.278645855893402 36.267068688796627
127.278116004758104 36.267405336734178
127.2761118694591 36.267862789935052
127.274506892974586 36.268805669902363
127.269805489571766 36.271131216722161
127.267900564403817 36.272425301905265
127.266812489957132 36.273401846132977
127.265352730335024 36.274361456780547
127.262347336679483 36.275380186358625
127.258771864841179 36.276050581352706
127.257510690513655 36.276996158126209
127.255927589443232 36.278642781477146
127.254817533965976 36.280039718238932
127.254219799543193 36.280473839066751
127.25415368340785 36.281056927241913
127.253638235557958 36.282362746124235
127.253220576021221 36.282770581379033
127.251259384332769 36.283991281746744
127.250684181389047 36.28556533166126
127.250156823529593 36.286217804870041
127.248761841491515 36.287118507763061
127.248508233949693 36.287608210435053
127.248283850546144 36.288931439074915
127.247153291125827 36.290482113610558
127.246652997024853 36.290959629936282
127.247665963086817 36.29144925165113
127.247980723427972 36.29297892453426
127.249197856542892 36.292891086306284
127.249682647115108 36.293227447452658
127.250155804731264 36.293951924178323
127.250229777907876 36.294295624371998
127.25116189090204 36.295480698900434
127.251169991630775 36.295678111732649
127.251719329035453 36.295791008210223
127.254052654855812 36.296874556242791
127.254562766111107 36.2964197883175
127.254657679675532 36.296187550241122
127.257493934746705 36.295612073956733
127.258909166253673 36.295564246453239
127.259848590644808 36.29565432106471
127.259374806223065 36.296196891229783
127.259278237345754 36.297136299577311
127.259777132992525 36.298937015338147
127.25994360915827 36.300568637150171
127.260664167921789 36.301852058945215
127.259508855097479 36.303093165185224
127.258420674666183 36.303505257079188
127.258529247038979 36.305472414242502
127.258375129342596 36.308180498410501
127.258249356996643 36.308344108257749
127.258641050952491 36.309214874861816
127.258012214801909 36.309933502168853
127.258383747156046 36.31123210269196
127.258700903350501 36.311549365849913
127.258393382850826 36.312315748216633
127.258629049879261 36.313457773322746
127.258302381231076 36.313692482704816
127.258138155047035 36.31433267216503
127.25846837144914 36.315812435952552
127.258354717876713 36.316388025967392
127.25841694929025 36.317638555390033
127.259463218702194 36.319290241070654
127.260112694903157 36.319484555468591
127.260437220697895 36.320223385334998
127.260601140187703 36.321490588644387
127.260784544112127 36.321696335104555
127.260632983451899 36.322645997649701
127.260828634210881 36.323243160871179
127.26074698519011 36.323811927140682
127.260500854632298 36.324521568669603
127.259750776105179 36.325654464615916
127.260073236250761 36.326128001451949
127.259768341856343 36.326914089249719
127.259752743937767 36.327249530047723
127.26088034250715 36.327137822003522
127.261844320049448 36.327273155379508
127.263042513184772 36.327251390273318
127.264657625352172 36.328045384961449
127.264975470478433 36.328023281046931
127.266112313419171 36.328533313693931
127.265987766375844 36.329060218380548
127.266180197021342 36.329617672831723
127.267067047334379 36.330449002899648
127.267695337925502 36.331287951434973
127.268237272042597 36.331445017556796
127.267844620604649 36.332248785056372
127.266615687656298 36.333446410621413
127.266668447704546 36.334635852166834
127.266390316038198 36.335190681807362
127.265593933185244 36.335809470168314
127.265422219699772 36.337221034444966
127.265728340436311 36.338039577407812
127.267972507796642 36.339960573893279
127.268646311957127 36.341002178021817
127.27031462744047 36.341429305406578
127.271279413204525 36.341946152546633
127.272428509289213 36.342957940007722
127.273126154277321 36.344274600302619
127.27572945743529 36.343872139406223
127.276810718799553 36.344232096499766
127.278489286246554 36.344476599162022
127.279126001120844 36.344826578001175
127.278068638198334 36.345916915432312
127.277475337128351 36.347115440166526
127.277649646016329 36.348419764322479
127.277986362677879 36.348932653013719
127.277646448705752 36.349286869620393
127.277418698819218 36.349908636181823
127.27707963675185 36.350061491211441
127.276514594926383 36.350749377082202
127.276417736966224 36.351122739420916
127.276106134488984 36.351117543822909
127.274886523382023 36.352139510286605
127.274307403792108 36.352842053758309
127.273332573642008 36.353335981875162
127.272412871848474 36.354120394795267
127.272518383772493 36.3550804693405
127.271094680986948 36.357426446689907
127.271096770465732 36.358232710470034
127.270833827408737 36.35871627697307
127.27103980013311 36.359533903738992
127.270995104728669 36.360356320967249
127.270569808063129 36.360862782480652
127.270721828308282 36.361176722591388
127.271914638086756 36.361610249710544
127.272350067722329 36.362621393685338
127.276047611749263 36.364142690931601
127.27618524610439 36.364321761697717
127.276667838410319 36.36446680225805
127.277680695910632 36.365289035725091
127.277409814024651 36.365839094684738
127.277460481276933 36.366331521029686
127.277171967555191 36.367013982814022
127.277276897199016 36.367392790149381
127.277047050406438 36.36837419052825
127.27794819145862 36.368904645212538
127.278676960376956 36.369086281649551
127.279347317811897 36.369391967976178
127.279227271392742 36.370639527183101
127.279346477392124 36.371258515786522
127.279622350773835 36.371919105258463
127.279885100163881 36.372115912232196
127.280551957313691 36.374210410853536
127.281038362818748 36.374865161452902
127.280572283034772 36.375610838963176
127.280720250658632 36.376820023998121
127.280470321076862 36.377387782824499
127.280305044390033 36.378696268337691
127.28008067560755 36.37896545689123
127.279017559700705 36.379540451116114
127.278842333815689 36.379916816144444
127.279049444107059 36.382093210377029
127.278594749326672 36.38238292039312
127.278628504123191 36.382815401112531
127.279033813050873 36.383769418035513
127.278877649138593 36.384959039631731
127.278486258977793 36.385523456096394
127.278366352830858 36.386380401148486
127.278122673368614 36.386712433099156
127.277460432657136 36.387018666036653
127.278513667992854 36.387799395877728
127.278840088876052 36.388552237581848
127.27883126083988 36.389449206172749
127.278998482111959 36.38965608654852
127.279119892633076 36.390301263320886
127.279091774305314 36.39106111897329
127.279181079578549 36.391149622633343
127.278813856343973 36.393671763899427
127.278866762156937 36.394638988006385
127.27865262872831 36.394960525141848
127.278584028571572 36.395408445429283
127.27880631839345 36.396450757329369
127.278468087074742 36.396752017087991
127.278857747851347 36.398182558574106
127.278767934050038 36.398690229649667
127.279430562161053 36.399931459668416
127.280725507903341 36.403321309474677
127.28076897924727 36.404272783859184
127.281040555365749 36.404814539370875
127.280925408497623 36.404957869223708
127.280880577783108 36.405720015170324
127.280640667749566 36.405997405318978
127.280623545399209 36.406807933206068
127.281187407279958 36.407734522961611
127.281166875737611 36.408174165372628
127.281835684360729 36.40892423091605
127.281743362245805 36.409799693537884
127.281380569068787 36.410495573426502
127.282143579245172 36.411512944271067
127.282297020410113 36.411989351568621
127.282115849686235 36.412376997197001
127.282185636907556 36.413376556145444
127.281957455746053 36.414108159935232
127.282124561312884 36.414603963789702
127.283362183989468 36.415001228213775
127.284325775105543 36.415054713455561
127.284593924892334 36.415209240538118
127.28519955592003 36.415275956865322
127.285732885556584 36.415151339402122
127.286810807837526 36.415314636656241
127.288782965015088 36.415761613854819
127.289210192715942 36.416014606332794
127.289580328911882 36.416090591276308
127.291080381891291 36.416155677205694
127.291128085940286 36.418541105734512
127.291299939053815 36.418513653914459
127.291248313319528 36.418684432036848
127.2922464356744 36.41873889528685
127.293486285982354 36.418577319530641
127.295314162166136 36.419771658987862
127.295189375184634 36.419945159431563
127.295178863289337 36.420855079050746
127.294584111740235 36.421379771447526
127.294209738618477 36.421437021843566
127.294248181520715 36.422255568107559
127.295546575338889 36.422728866978559
127.296465396370806 36.423264764040951
127.2970039467871 36.423127970858829
127.298269969081204 36.423194111279201
127.299430365349096 36.42292847990317
127.299662437542523 36.422517873459782
127.300861750659564 36.421954746275127
127.301466698032428 36.421826777942506
127.301851660076267 36.422530687412589
127.301920861725648 36.423124432389898
127.302614609096821 36.424154234400966
127.303501893228898 36.424675791558762
127.304133812331401 36.424580138521641
127.3050357842029 36.424794685817041
127.30638013335404 36.424829839112853
127.306878055271198 36.424733376988513
127.30752725248847 36.424779314543862
127.308587144964562 36.424475829923807
127.309544881060603 36.424559821436929
127.310295533847693 36.424882858261562
127.310956497914674 36.424687119325831
127.311619828182856 36.424080773388077
127.311662251135573 36.423661344487989
127.314560815990163 36.422723053589436
127.314941517461264 36.422381019587796
127.315212693561918 36.421922122348697
127.315707521607919 36.42154121725769
127.316018039335034 36.42155194330212
127.316371340283979 36.421070856195769
127.316447271639959 36.420460408180915
127.318089045342717 36.420988310795174
127.319030340517614 36.421492705066704
127.319206885424563 36.421462956000283
127.319766033271478 36.422588203916185
127.320336764347459 36.422917569509792
127.320553739076288 36.423273226888497
127.32169806325129 36.423695683102387
127.321990663959085 36.423414411696534
127.323380125651781 36.422734814457854
127.325047304735804 36.422477684942542
127.325507105318223 36.4226057106887
127.325866630243752 36.422502507584575
127.326317006976481 36.4222089640853
127.32630808295616 36.422117465989402
127.326999096158687 36.422334387044444
127.327395856839928 36.422676602300186
127.327339353297432 36.422747712941337
127.328014708135385 36.423132528233459
127.329149381308568 36.423321484203967
127.330262475576518 36.424050895662091
127.330424213698635 36.424393738603413
127.330920787215589 36.424603293621836
127.331436378439989 36.424939804910878
127.33153769471032 36.425165941150446
127.332251923818063 36.425549489661982
127.332728172268972 36.426504813027798
127.333640199627823 36.426810367801401
127.334718254346228 36.426985332736443
127.335855297241068 36.427826990137909
127.336806891715554 36.428209567024929
127.337572933857047 36.428348786574624
127.338043144648481 36.428780018041266
127.338835682939603 36.429159359320252
127.339056694292466 36.429658875862003
127.3394624800478 36.429896257191537
127.339816166199824 36.429968194750863
127.341009226199915 36.430972130542337
127.340593573086906 36.432235212780355
127.340688805787735 36.432898140003445
127.340475955614636 36.43332060376332
127.34054289631834 36.434124407833416
127.340778421327627 36.434711463980491
127.340147517547649 36.435973189756957
127.340160362604919 36.436160143449186
127.340913825301584 36.436633355553724
127.340901004744794 36.436890789599445
127.341319034870466 36.43732468700717
127.341667870674542 36.437997020304159
127.342199367086067 36.438034939742707
127.342581532838821 36.437880371305624
127.343108588779131 36.438732143279573
127.343034952126771 36.439349924600727
127.343201240374313 36.440191191742407
127.343731077567753 36.441117584645731
127.344260745880419 36.443153804360932
127.34462418250196 36.443328486984484
127.34465099560002 36.44379954279843
127.344858446599048 36.444248676802857
127.345333340501256 36.444365585815135
127.346045534902927 36.44497800366139
127.346411420780328 36.445546647725621
127.347317106777922 36.446203287308194
127.348253027148431 36.446406421305433
127.349011223396943 36.44685254269335
127.348957301442397 36.447072077262341
127.349647061174622 36.447761134974598
127.350790006003393 36.44760376240346
127.352097301153606 36.447022055508874
127.353307553403141 36.447686773853761
127.353815876470165 36.448324237219744
127.353965243512931 36.448827325461018
127.354223418280441 36.448956662062443
127.354344424147797 36.449506848119221
127.355138103382558 36.449958176163705
127.355330758915784 36.449934797370432
127.355798856464176 36.450273035359714
127.35612938847872 36.451018327824464
127.355836861569244 36.451578182519505
127.356120293285272 36.452539042383954
127.355760816770299 36.453557296690803
127.356002167692438 36.453929710730783
127.356557118029656 36.453965785104074
127.357558726424642 36.45444267397734
127.357877973011583 36.454849493991432
127.358064785194841 36.455448203826485
127.358621814100431 36.455895700581827
127.358370609771271 36.456685527897847
127.358087694713021 36.456797322968491
127.357908626842431 36.457051027842908
127.357938833939841 36.457404073137624
127.357752498517016 36.458129778433076
127.35677138518119 36.45875477665011
127.356679134547392 36.458974157209667
127.356891212658923 36.459459573304088
127.356764993720859 36.45979930532441
127.356973834541208 36.459995232919134
127.357094996039237 36.46072283234723
127.357661141580152 36.461478960492833
127.357170864749449 36.461723453424028
127.357032456112947 36.462563352341647
127.356066926525841 36.464019323798532
127.356737360248715 36.46451691070444
127.357228498160836 36.464305082566312
127.357916361925618 36.46483781081988
127.358549988961215 36.465058393615671
127.3584984260781 36.464419289211648
127.358685825855858 36.46388704728983
127.359274060784841 36.463828124745476
127.358850046133938 36.464457671123647
127.358847649679291 36.464925140950115
127.359837801983659 36.465911753924402
127.359977111628439 36.465876694855552
127.359973732026091 36.466165353424742
127.359895618393978 36.466537323559351
127.359643974951993 36.466748434431125
127.359375872708711 36.46731864894285
127.358991755572987 36.467604220590211
127.359719188550216 36.468204415391526
127.359731466515839 36.468562297471536
127.360016974001866 36.469004698408156
127.359781936539832 36.469831364413672
127.360323145196716 36.470075869617375
127.360755547462176 36.470464315037589
127.361517632392179 36.470707863400229
127.362179686134468 36.470578287865699
127.362361700213654 36.47069208383116
127.362082170821338 36.471202637918729
127.362025716465212 36.47173560599645
127.362249412957595 36.471891504682837
127.362710423715725 36.472843364857141
127.362915425777487 36.473588437009958
127.363753578406559 36.474172500324698
127.363986712700822 36.47481667325912
127.363891130816796 36.475218813794683
127.362898170845199 36.475918532101041
127.362464596530856 36.476000947016374
127.362224249606427 36.476280192696358
127.362182841363136 36.476602749732571
127.362030035663295 36.476736978161711
127.361842071025038 36.476657288137737
127.361986003446532 36.476751475631737
127.361762182472759 36.47698617011801
127.361581721319467 36.477023048821088
127.361089452151518 36.478173491073498
127.360571315099776 36.478599168699965
127.360434022552568 36.479187850813908
127.360773708040867 36.479952248189136
127.36082079825826 36.480597834783786
127.360258504729558 36.481619807595578
127.359419424913099 36.481875198577193
127.359277386371843 36.482075291726559
127.359024609581368 36.482165029989019
127.35906938505174 36.482384550240404
127.358857139016919 36.48256485714905
127.358788883410639 36.482811192036088
127.358780592154474 36.482560860582204
127.35810200392423 36.482529655216403
127.357763583422454 36.483181196367731
127.357990648060536 36.484179092086322
127.358420983847793 36.484788900519192
127.359061212497778 36.485237279232521
127.359129037676198 36.487317603198775
127.360155089274258 36.488538112693256
127.360229667549291 36.489737821221674
127.360115062751618 36.490030758193448
127.360984215336785 36.49088391878518
127.361938453322736 36.49031165985847
127.363450538706545 36.489611224219843
127.36814333529081 36.488226872077917
127.368473758052005 36.488299931417835
127.369154472698867 36.488583374126442
127.368905506486755 36.489590335485197
127.370819914944335 36.49015777145096
127.37270135218499 36.491379755562029
127.374214450090633 36.492537518859315
127.377591471697684 36.495619271928156
127.380336816238994 36.49953929709126
127.383855250086256 36.500230678286051
127.386932700544278 36.498638715867145
127.391981570416277 36.494896887017255
127.393349398996435 36.49356322125626
127.396209120013964 36.491663920774528
127.398922683885971 36.489104667589508