126.655545071701482 37.637938767136788
126.657421911700467 37.637955240118735
126.658886761840733 37.638642267452852
126.659534774859011 37.638236177403293
126.660563824869413 37.637154320928367
126.661631481842974 37.636632051459337
126.662980452618029 37.636787943078502
126.663696203218137 37.636190566959947
126.664614724084885 37.63597023897686
126.665489246445844 37.636235105536301
126.666974546286951 37.635939463228361
126.66771373069399 37.635478682581841
126.669205449003798 37.635008765134565
126.671504043314641 37.634047227541792
126.672422254566825 37.633842009123534
126.672907129124482 37.633072458898511
126.674147180871287 37.632050488978983
126.674262050733574 37.631204170647749
126.674705595640901 37.629879018329078
126.675016293436215 37.629908856439016
126.675974477043184 37.629581006674059
126.676329151197322 37.629725529934134
126.676996438733937 37.629672741589836
126.678595781587447 37.62928667934797
126.679338427006726 37.629671843276597
126.680551779048699 37.629309407474999
126.680876985197855 37.627526081082003
126.68171404613264 37.626570786429326
126.682571000581518 37.626256630476277
126.682606329240315 37.626023886638826
126.682361801747632 37.625219662627487
126.6828361998747 37.62478092364627
126.683734531661557 37.62523069237551
126.688869923426736 37.622016384183091
126.6890770436586 37.621837575319596
126.689115793894814 37.621626794621754
126.690620230174872 37.620720580998643
126.691532249216436 37.621403697919348
126.692069520860343 37.621248003873589
126.693389566795958 37.620328237556492
126.694079898425329 37.620224775765649
126.69446878309283 37.620339211821445
126.695464400278937 37.619282591913006
126.69631026504851 37.618920445966815
126.69708965659126 37.617974469296136
126.697380174228499 37.617850231296266
126.698194392728496 37.617834841623321
126.698647533701219 37.617425492957729
126.699210376062553 37.616538356766505
126.699510134717428 37.616371875120514
126.699840526159875 37.615982489729006
126.700210345567413 37.615075131367213
126.700905545396949 37.614271656016449
126.701613882988994 37.613946914839509
126.702091817660019 37.614149382183378
126.702486413860555 37.613965114558425
126.703488389664926 37.612995997518851
126.704060253631553 37.612087451827733
126.704743886847112 37.611679056638948
126.704931027254261 37.611899880976438
126.70545078258634 37.612148953759423
126.705436372154438 37.611763750259271
126.705854629538578 37.610399816415423
126.706185967217934 37.609890185467002
126.706209589349115 37.609690904010058
126.705929481527335 37.609149048531691
126.70612571514792 37.607677006164892
126.705786143726399 37.607138667333736
126.705130573498693 37.606547440285844
126.704585780825596 37.606270146161499
126.704003497841356 37.604655368228137
126.704116263123183 37.604241481730043
126.704027567729966 37.603718689949751
126.704199976962087 37.602991582924048
126.704681310046098 37.6024752676852
126.705425839751086 37.603102783638647
126.706929701045496 37.603590535064384
126.707614091682899 37.604095951919135
126.708408039998872 37.604911060711522
126.709602643083656 37.605129967807166
126.711733172642298 37.60500035882918
126.712440217779019 37.604190083634016
126.712980639789336 37.603861423062938
126.713164832472287 37.603084211360823
126.713037905854137 37.602961709055023
126.71313212481661 37.602930976465316
126.713406416662181 37.602997524039779
126.713725418918315 37.60364897083754
126.714067363195227 37.603854218841711
126.715625129829633 37.603806194756892
126.715869403655034 37.600867339606552
126.716304283038468 37.599487637352048
126.717317851613444 37.598721430032775
126.719146825909291 37.597922829660114
126.72008880229555 37.597313249707597
126.721160065218527 37.596432279329605
126.722264136411269 37.595994542596245
126.722043827411994 37.595813536544711
126.72526351485503 37.592169664017732
126.725660405210419 37.59226430172896
126.725622236875921 37.591963500581031
126.725414123042128 37.591835470853162
126.725484385720776 37.5917818556795
126.725574106164373 37.591870758660988
126.727248333006912 37.591903383987145
126.727893269079644 37.59251191688773
126.729205834375023 37.592753991538885
126.729901669567255 37.59221472628694
126.730332796957171 37.592173200233582
126.731322197097555 37.591761585290776
126.733541802938234 37.591463681692751
126.733449491750847 37.591355921047231
126.733672816359899 37.591043904261248
126.734188682051524 37.590949903294707
126.734648354850961 37.591184920250882
126.735045201390179 37.590682950737012
126.735868574040808 37.590578662464388
126.736342414857063 37.590660536315582
126.736252636113392 37.590482670580322
126.736631104773593 37.59072172230448
126.73674674327475 37.590989734964324
126.736728240400637 37.592466456760008
126.736910298380423 37.592563162548466
126.736716811202598 37.5924968478636
126.736774386245813 37.592973651576777
126.737016579530064 37.593175789065668
126.737330633084554 37.593172546088631
126.737889427880788 37.593448882443383
126.738812894587497 37.593568627792521
126.739013042181071 37.593702814423033
126.739094148385277 37.593380894896924
126.739314628457251 37.593219766332552
126.739399593930258 37.593003718450021
126.739414249627686 37.592911968974981
126.739552472287087 37.592949999922403
126.73923932817705 37.592845979955399
126.739095687743784 37.592638993290421
126.741411345498619 37.593006484389555
126.741646715762684 37.592071945533519
126.744324335327818 37.592495360960804
126.745258855890498 37.588716646872783
126.746143237568035 37.588662819777753
126.746354686743842 37.588442535943386
126.746462999888209 37.587860221853276
126.746830968685927 37.58723596908915
126.747759429474669 37.586439182423156
126.747392111749264 37.58624918687034
126.748682633523899 37.584991707324576
126.749423496070946 37.58467739012621
126.749610215650236 37.584283319037915
126.749794012920177 37.583707370516954
126.749633340649922 37.582722415217638
126.749713486059832 37.581461217351553
126.749525651977635 37.581083240319238
126.751199625284187 37.580541427336293
126.751251201337539 37.580089071889105
126.751761482908165 37.579573492228512
126.7534878257716 37.580081124766153
126.754100992473823 37.580166598833586
126.754328463403041 37.580382465335411
126.754698632885962 37.580137163283013
126.755628763385531 37.580497803225462
126.755725729953554 37.580328224655766
126.756055867525802 37.58090272905234
126.755539050746222 37.581421972497424
126.755702872901608 37.582277400382708
126.75560354728816 37.582302818988921
126.755650604355438 37.582893060713566
126.755960166710125 37.582951142136189
126.756107958455829 37.583408978028629
126.756027971683054 37.583526786642295
126.757984963930596 37.585328013886631
126.758011484965039 37.585221924135347
126.758643419072399 37.584991502991372
126.759140380972269 37.585086568399376
126.759177661216142 37.584885049547879
126.761825153318043 37.585440055670716
126.761993465844967 37.585357334554779
126.761990725447149 37.585110405903464
126.763177328402179 37.58496217316857
126.76339983076916 37.585083415960746
126.763470092855968 37.585460276884938
126.763823884795841 37.585856017401092
126.764104027371161 37.585822226516548
126.76512537587071 37.586524791293719
126.766753894572517 37.587222076717772
126.767234026507325 37.587840204640962
126.767107464854917 37.588032547716701
126.767516575842748 37.588395437094512
126.767667640466215 37.588231587174079
126.768275771221226 37.587975731301107
126.76826593652487 37.58784000510974
126.769311610110691 37.587334696492405
126.770864938153125 37.586046802415694
126.771965147875932 37.585571705905046
126.772751873513272 37.585095152893047
126.774200864884634 37.585100484411029
126.774955530437566 37.584863732349447
126.775586480607785 37.585056681225616
126.775993033652057 37.585048736408226
126.776677257106996 37.584646851052604
126.778367594650575 37.584630065433309
126.779707666150571 37.584374963402652
126.779958790706488 37.584218610474771
126.779959544344777 37.584024900069494
126.780109121931801 37.584350660914495
126.78045391913659 37.584045252911324
126.780891706667859 37.583935700990786
126.781421417242299 37.58397075491915
126.781526520659341 37.583784005267702
126.781607173468842 37.583969415963836
126.781732563106857 37.583979787285685
126.781771721277693 37.58383457524863
126.782007210110763 37.584003668953073
126.782288114992681 37.584009254868384
126.782049983730886 37.583837625515159
126.784113430736411 37.582585137256352
126.787048034516445 37.585579520630006
126.793695444754007 37.581593851228305
126.793310209723927 37.580247046974911
126.792846450813371 37.580168238243331
126.793066864852548 37.578639207639775
126.793254482804187 37.578533672306712
126.793153849350944 37.577957989732738
126.793219258514625 37.576893817579993
126.792737047770402 37.576838905996318
126.792373969828688 37.57972760591155
126.791600919236544 37.581317597465173
126.791348934035611 37.581413726697171
126.791260284288754 37.580920558217755
126.790818135661794 37.580765475794507
126.790727817315812 37.580612426996602
126.790821402851506 37.57954155791446
126.790685804364045 37.579014238172114
126.790817708795643 37.578972237054089
126.790594814751785 37.577783664091491
126.790016393237778 37.577349589027655
126.789955099471129 37.577631605597809
126.78934282649692 37.577723415922613
126.788470233320169 37.57679834330628
126.78920209122947 37.575581069392832
126.788595276443644 37.575745533139084
126.788337402532505 37.57605027652636
126.788045745990601 37.576168849928308
126.787614235574978 37.575583555635639
126.785249151518514 37.57486183737322
126.783994363072665 37.574198153478065
126.782408291263394 37.573606201115801
126.782139839919438 37.573169004973401
126.782181465396818 37.572666223610426
126.7818995757697 37.571808348717859
126.781374910432305 37.571349562380043
126.781920358159411 37.571114347994246
126.782630193855553 37.570547486108737
126.782393737250885 37.570301249283425
126.781487298033568 37.570181588530382
126.780520948876401 37.570463874918083
126.780484718767724 37.570274877976757
126.780996089714989 37.56989742011006
126.781124123730052 37.569601459676306
126.781803740728435 37.569388464023341
126.781898276359811 37.56923603163176
126.781625828322376 37.568901600131333
126.781360640590719 37.568925036079236
126.78093361219176 37.568713633673042
126.780474316148371 37.568287058587771
126.780542514900986 37.56789159944811
126.780318342288481 37.567504034997924
126.780239817855545 37.567445043212679
126.779170587125918 37.568316712615918
126.779017850122145 37.567991781429448
126.779003362617331 37.567154683593429
126.778668342864449 37.56717404380403
126.777808456926181 37.566993905416467
126.77719672926689 37.566629260512109
126.776964007566946 37.566208733113797
126.776722552152421 37.566051158544511
126.776571165330139 37.566106624066137
126.776495507972271 37.566799671414863
126.776333515220031 37.567091903530041
126.775401663120064 37.567318469553612
126.775559569102413 37.567739982983191
126.775530579472772 37.568261084666844
126.774762190533366 37.567708324600957
126.774752441023452 37.567309619297284
126.774989218833255 37.566911667508094
126.77513206258304 37.565879472734181
126.775437988739441 37.565774471905009
126.77557542811445 37.565591997641675
126.775342900100696 37.565343501191158
126.775751416772593 37.565350193885955
126.775942856844949 37.56520584355065
126.776106947478155 37.564806064451865
126.777101640409938 37.56371945092269
126.776969963935585 37.563695828078501
126.776743018836257 37.563239838952974
126.776632255593071 37.562374122403313
126.776948718342354 37.562229719682378
126.777509526648728 37.562282312024415
126.777573926316947 37.561503639489096
126.777930020633278 37.560286575169307
126.777842118034641 37.559933049768887
126.777348112311714 37.560315879356892
126.777181606189117 37.560703266776038
126.776108909635795 37.561863498880072
126.775886367836449 37.561770442767603
126.775758522792401 37.561941385186884
126.775534797989735 37.56182833487609
126.775459414427345 37.561433161691916
126.774679340152787 37.561319320596759
126.774947224840119 37.561040249591869
126.774933143682631 37.560901975283706
126.774663165197722 37.560703807053997
126.77480858128024 37.560456873693944
126.774448403875127 37.560436188710121
126.774165242006703 37.560159157711176
126.774289018294454 37.55975592417267
126.774186988655401 37.559695469701417
126.773590986279544 37.560057248301163
126.773192265371918 37.559286421131368
126.772742360629607 37.559408590564175
126.772446133417958 37.558722697979235
126.771771412897962 37.558631854569583
126.773184186465556 37.557527507645197
126.772431031229985 37.557012764904712
126.771994039530554 37.55696546027032
126.771192181641908 37.557165495672443
126.769867303509244 37.557230476886062
126.768994859313651 37.557096433796481
126.768735608044437 37.556816608450177
126.767350373013855 37.556619319801705
126.766619105702034 37.556974314707503
126.766284356807432 37.556917058517421
126.766751795370752 37.556504091976244
126.766724614917464 37.556315678541857
126.766009014276861 37.556133776343231
126.764483957461366 37.555369388947028
126.764784084134504 37.555074638428565
126.766048681065371 37.554993546114666
126.76633658934422 37.554870792093723
126.766402336954044 37.554656092444723
126.766279283739635 37.554311506574294
126.765662290440844 37.553930447638102
126.76583286598283 37.553727506523124
126.766409620078619 37.553462018261357
126.766527252053521 37.553111434047409
126.765774588760976 37.552637194151302
126.765549058574265 37.551875407073197
126.765033208345315 37.551557056374179
126.764569627084768 37.551098596695844
126.763846463194881 37.550863444509488
126.763876340988475 37.550752295521804
126.764425936391348 37.550517170390258
126.765278510922073 37.550534079018433
126.765501972363751 37.550435705454134
126.76565975751997 37.550022683520261
126.765544628523728 37.549916874812816
126.765223447662194 37.549884697843083
126.764704807425474 37.549895200152783
126.764384219994341 37.550011406749711
126.764377075209211 37.549923544705941
126.763866237475526 37.54998164121622
126.763716955645251 37.549827334836493
126.76387422351452 37.549526938069306
126.764322295393342 37.549297527574367
126.764524088756232 37.549061142861667
126.763893352017121 37.548402433955715
126.763976634425077 37.54767674529991
126.763618809134798 37.547273949695523
126.763760620497223 37.547270866326805
126.7633942138104 37.54673177715263
126.763396668858761 37.54529161295266
126.763018880979018 37.544887369533342
126.762994774138903 37.544576200731235
126.763245352715913 37.54411523800912
126.762989795107032 37.543862443161387
126.76238025248955 37.543671435785157
126.762358355916106 37.543551442333595
126.762680230395674 37.543300664464276
126.763710700680093 37.543168441277352
126.763885372511623 37.54306264753609
126.763888874045051 37.542903854926472
126.76248466287187 37.542033250482966
126.761703201902236 37.54203617080227
126.761459492113403 37.541896301764453
126.761889412443125 37.541418813218947
126.762664333272454 37.540970166538237
126.762593046789803 37.540757442957819
126.76235133095021 37.54066038566863
126.761664953243923 37.540677571277421
126.761532560738175 37.540446991568302
126.76158476953151 37.540262954162834
126.762321614659044 37.539502831175511
126.762268807499609 37.539318869224942
126.761745563263773 37.539023292316223
126.761006044083416 37.539128500390888
126.7607234682404 37.538875369204263
126.76082227947721 37.538879506617093
126.760914913713819 37.538551680965874
126.76144672130458 37.538379601906904
126.761602647894435 37.538214083069477
126.761816937207428 37.537711648721178
126.761503326474411 37.537540102248776
126.760990316144628 37.537698705222567
126.760689644590542 37.537684018698229
126.760754366701264 37.537127221833281
126.760565971481086 37.536612993293367
126.760960929347704 37.536388828852012
126.760982043025308 37.536255129787598
126.760788517816707 37.536017098196673
126.760718177903215 37.536066509258674
126.760845802718848 37.535960344167776
126.76064891904015 37.536053420807654
126.760143709433592 37.5354932166209
126.760562377650416 37.534874919056712
126.760573884916084 37.534649695316297
126.760295621976411 37.533881310867166
126.760445335850576 37.533449988394437
126.76026032163459 37.532876913623703
126.760396465978999 37.53138859042128
126.760201181514788 37.530880248566788
126.760516016925408 37.530436315537635
126.760266382741818 37.530226037233618
126.760343965983822 37.529521456998602
126.760215955749871 37.527828735742247
126.760414533298899 37.527642184731796
126.760253308412615 37.527042975277084
126.760291550126141 37.52685863779832
126.760454217227164 37.526788576653708
126.760316769648796 37.526657372637814
126.760106536175599 37.525412726781134
126.760264569140034 37.524863163684991
126.760280125133434 37.523928416629929
126.760463417917578 37.523546147450865
126.760231373598586 37.523150082381889
126.760576970315896 37.522698598611861
126.760606373489708 37.519710460057404
126.759988561411816 37.519350774242504
126.760214543101824 37.519099516158782
126.760104356030737 37.517424009279182
126.759748752689703 37.517257437100831
126.760509299572831 37.516863688228966
126.760509776204017 37.516441339189157
126.76027622521373 37.515915755599494
126.759406226089723 37.51556428093707
126.758553293208593 37.515888852373706
126.758619764016643 37.51604778910044
126.758345980601561 37.516053145770847
126.758161702878795 37.515817660526032
126.757014512776294 37.515864277781674
126.75681119169252 37.516266772039785
126.757070365169085 37.516243379462729
126.756996443808518 37.51636485914414
126.756282861994009 37.516606081617731
126.755709970977904 37.516524937338097
126.755306275127438 37.51669189765029
126.754903747597595 37.516719781119015
126.754649016734845 37.516520182770307
126.754729639885156 37.516456155286882
126.754524460657905 37.516398856290003
126.753894218740257 37.516610676477207
126.75371868629388 37.51672433743844
126.753747434823964 37.516849131719312
126.753582648938249 37.516869904750877
126.753177028788585 37.516816677864227
126.753030708733604 37.516703187295057
126.752870776065748 37.516325271429366
126.753043149789363 37.516307622759534
126.752653041493005 37.516057054541164
126.752459638057033 37.516337082429963
126.752608373124261 37.516414538828244
126.752381659716605 37.5166153782029
126.75213599903492 37.516666668729698
126.751889580187935 37.516466522204929
126.752042769897287 37.516425734956755
126.751834059314618 37.515890896627148
126.751986353369489 37.515694403766773
126.752313334543544 37.515637376631275
126.752394995679822 37.51542131134395
126.750701301331574 37.5148988078518
126.750621696556095 37.514975791372187
126.750315550473715 37.514935153841506
126.750140770253395 37.514774008844505
126.750007381580744 37.514021395679343
126.749880621942381 37.513980300605425
126.749215421524227 37.514340685856475
126.749063915530002 37.514510713105501
126.749200479609726 37.514528735675199
126.748997266088253 37.514676407076593
126.748248584087122 37.514737307129728
126.747977004492583 37.514664644272052
126.747823555634952 37.514835791425455
126.747467375082437 37.514854163350016
126.747238543456973 37.514737109555533
126.747189982392527 37.514360840390829
126.747067173930262 37.514302290424013
126.746518492876405 37.514537059921082
126.746515106203717 37.514701483138147
126.746230176208527 37.514971724961875
126.746327621044315 37.514951662766983
126.746220966566895 37.515185131488266
126.745932624047754 37.515207881388569
126.745758485463497 37.515069534446333
126.745839508442231 37.514996503959829
126.745581584263448 37.514962437224234
126.745513969773484 37.514835873044461
126.745712448243111 37.51478477447467
126.745282061426508 37.514381493048823
126.74491455862119 37.513730006953288
126.743652808884249 37.510253088509586
126.742782076445025 37.509641039854841
126.741470752561796 37.508988029289661
126.741626480430682 37.508825354073281
126.74184000047957 37.507948479684856
126.742191570571421 37.507517900955129
126.742295446739803 37.506351619382308
126.742572199689661 37.505168543628791
126.742844487769432 37.504562661764922
126.742878398320585 37.503850104146743
126.743760445393008 37.501615587658726
126.743216442234385 37.49933741089648
126.742737179372838 37.49827881795639
126.741757514333983 37.495080103088718
126.742011055216295 37.492222246495018
126.742246927024894 37.491661324400127
126.742410613187872 37.490562467188383
126.742366683515343 37.489420077139357
126.74251037976029 37.488429862199858
126.742310374902104 37.486948678112263
126.743205327789269 37.486452277058611
126.743808618460449 37.486410805915597
126.744877444011593 37.486108478124763
126.745480071426016 37.486052067858225
126.746291122903344 37.485541091367224
126.747047614509697 37.485382237456655
126.749200620697323 37.485127528750567
126.749756563406109 37.485398456387408
126.750006143425225 37.485412501289794
126.751483450475078 37.484715966421021
126.752380949606348 37.484597066649769
126.754252928929432 37.483727866996269
126.754917175122387 37.483137425269618
126.755549431940096 37.482872929607865
126.755435251118897 37.482617600515724
126.755388362273536 37.481673428080988
126.755107410670021 37.481258671317875
126.755103944964418 37.481078455262988
126.755300240813909 37.48096088762226
126.755231126417627 37.48081265405704
126.755847210209126 37.480899523349606
126.756112858675252 37.479881666915809
126.75672319828432 37.479608974029496
126.757354521074561 37.479078411033569
126.757775812854817 37.478867537566948
126.758256091599691 37.478824323498095
126.758287319648304 37.478401764695171
126.758658081218499 37.477533062819191
126.759159275872619 37.476920293967972
126.759678030065757 37.476605439136634
126.759869204099743 37.47664749326767
126.760384211622267 37.47635036843608
126.761319097294688 37.476598929085505
126.762187685369582 37.476035036135578
126.762185769611136 37.475696588593308
126.763839602167309 37.475501138713142
126.764559266891524 37.475214264148946
126.765159769084775 37.47518224743424
126.765839816363155 37.474516305973779
126.76581406022386 37.474280011754708
126.766338760314895 37.474257126368755
126.767081133557653 37.473649867572654
126.767605693584997 37.472817760364649
126.767546890059265 37.472355882233316
126.767752804718867 37.471742761193653
126.768139046012664 37.471706935072568
126.76955181820388 37.471976061573017
126.770965231194111 37.471807916785586
126.771415868306889 37.471851880944399
126.771782145860229 37.47198577055115
126.771964508871875 37.472312179597999
126.772824509325673 37.472379448804332
126.773143925763065 37.472185784756469
126.773387528022738 37.472178938338118
126.774595539493617 37.471421053538677
126.775222809170629 37.471697331127686
126.776061554478233 37.471666272907761
126.777111043970606 37.47222070243221
126.777763682501501 37.471819299550674
126.778197398696619 37.471795064309852
126.777890842781602 37.470758323425848
126.777867418882465 37.470022566738884
126.778600140347066 37.469349326336868
126.779433922753739 37.468300660420574
126.779386035099876 37.467950865218512
126.779185007511401 37.467781278976076
126.779660070813094 37.466843435730809
126.779700108187285 37.466323741485269
126.779522783801099 37.466022419690525
126.779819892034155 37.465830676088899
126.779394436936983 37.464992224970018
126.778262837099717 37.463330275281443
126.777744138767275 37.462787844264724
126.778454998819043 37.46207683851032
126.777228913525477 37.461210402356386
126.776344680403923 37.46113493749445
126.775583513231467 37.46095103233673
126.774847485001132 37.461101395744059
126.774575630157983 37.461058365859166
126.775560104141178 37.460864832984029
126.776391284401072 37.461081255230205
126.777262330889911 37.461136683118504
126.778031591353127 37.461568944482941
126.778152279165894 37.461844536983357
126.778528772070871 37.462035585120688
126.77886589178803 37.460204364878777
126.778838050077766 37.459701733362927
126.778319093893529 37.459318386651667
126.777768552557532 37.45909688826459
126.777370266237881 37.457162905337846
126.778055618799726 37.457000336498616
126.78043223017302 37.454978116232056
126.78000712377586 37.454453882296278
126.780154382551075 37.454041957008151
126.779995604264201 37.453385621709351
126.779022886711928 37.451020900665156
126.77822762319893 37.451055440993258
126.773742391883502 37.45051670515425
126.771626170020781 37.449317083326996
126.770679643053199 37.448472232007326
126.770333341451746 37.447500441543113
126.771022911042067 37.446859814894232
126.771110809629619 37.446413726301699
126.770304175189438 37.445505505619735
126.768745348674059 37.444157696525231
126.768278210307926 37.443564076478083
126.76749065787817 37.44341133055449
126.768058063535861 37.443500301621711
126.76853956626519 37.443323303438781
126.769347376865795 37.44229295205475
126.76940055219454 37.441939411927585
126.769268578513135 37.441394045257304
126.769729692016654 37.440960222347918
126.770514718442357 37.43801686592036
126.77045572788596 37.437795157407237
126.771202687247737 37.436479461355503
126.771139781372469 37.434773615333739
126.770830682977603 37.434420774392358
126.770713548597556 37.433695234106125
126.770240545663853 37.432960854043635
126.769488987053748 37.432509706041536
126.768999971483822 37.431997992556447
126.769569053167444 37.431622947549293
126.771094925268216 37.431496683691407
126.771178916675836 37.431334944560021
126.771006347125748 37.431193825586625
126.771120809672837 37.431172091255412
126.77090454487589 37.430944156091932
126.770707879550741 37.430312516833133
126.770760623333814 37.429807488608603
126.770591530186906 37.429797301914085
126.769683039234039 37.428663920177641
126.769206097072555 37.427506027801144
126.768013580696945 37.427181576558645
126.767321118597906 37.426706880165881
126.765709258157301 37.426419301494747
126.764525630776333 37.426034293669453
126.762364139639743 37.426287295675685
126.762332623705205 37.426423788176521
126.76261685662783 37.426916818016878
126.762577923560016 37.427283611772857
126.761759244052115 37.427705148648592
126.761315998878217 37.428084366052062
126.760768947328273 37.428240371135175
126.760849211491617 37.428094959450888
126.761457767720827 37.427910363229834
126.761161741134075 37.427910041999603
126.762387409164049 37.427129785323551
126.762418817141665 37.426966532631369
126.761391124593757 37.426448621905351
126.760719436155284 37.426339982626423
126.759980999486331 37.426457299575354
126.759533040284765 37.426931945479097
126.758984129062227 37.426902375354125
126.758431430373776 37.426457494465318
126.758681215539369 37.425802245215529
126.758564085407627 37.425231278987695
126.758376105187978 37.425007055082901
126.757378213173581 37.424847591792407
126.756799987779132 37.424388297798629
126.756018412448 37.424098912677124
126.75568566486632 37.423827630949383
126.755630511630784 37.423530192373711
126.755144452385977 37.423182851452616
126.754983991997818 37.422701892192208
126.754521988722942 37.422820302379094
126.754408234437847 37.423112892349444
126.753822097631215 37.422873176885986
126.753683882433805 37.422926101020799
126.753253563278122 37.422702208153339
126.755046364357042 37.418210484919925
126.755044215189756 37.41795285394155
126.752651940943181 37.416475818578959
126.751586407480161 37.411001910292498
126.748488775741691 37.407492635802029
126.74853947721526 37.407422349112586
126.744878408732745 37.406416599395023
126.744616395944973 37.406194146457132
126.744558152013269 37.405578521977489
126.744323481920546 37.405460032928566
126.744296186568093 37.405545002768164
126.744471832800016 37.405632682973931
126.744523892974286 37.406101593220384
126.744476345154311 37.407102457216745
126.743322560438244 37.410483796591606
126.743726172437846 37.414503757350438
126.739737297141716 37.424541238048192
126.739825220707459 37.42550014990335
126.739669109083678 37.425773216113797
126.73899813272827 37.425872244358111
126.738203028268487 37.428101027599624
126.736891195698917 37.429063013193648
126.736631415129722 37.429387650242226
126.736813609367474 37.429387770341116
126.735899455265198 37.430000097573945
126.735838925393054 37.430346283140629
126.736024682259966 37.430487203108349
126.735860969274 37.430697734616757
126.735842053480312 37.431161989183842
126.73642763886069 37.433361480102363
126.736008806515429 37.433379677917891
126.735270956042925 37.429763018072343
126.73718472417562 37.428371598821826
126.737316526313023 37.428088633762215
126.737338578579696 37.427137273301312
126.737776954912462 37.427174013531868
126.738128504599686 37.426798627621416
126.738692844299678 37.424328310707523
126.738300904486564 37.423691659358958
126.737910361438367 37.423512842117226
126.738103922033673 37.423230580495229
126.737960053919053 37.423033443862259
126.738111279579158 37.422742926859542
126.738126813851167 37.422239523282784
126.738360234749663 37.42217218897671
126.738289523006955 37.421998865597722
126.738452052029231 37.421860698083876
126.738525500648535 37.421451749362305
126.738788184218706 37.421091082758039
126.739503029935804 37.420900925563167
126.74011673265619 37.420300293517663
126.740534813333497 37.41925661533525
126.739107773499427 37.418838424098524
126.739134115047364 37.418721920049002
126.739458118313138 37.41879527717132
126.739504448924734 37.418667553535791
126.739647844872138 37.41874980908608
126.740012314267474 37.41840034906955
126.740233032507405 37.418326783834907
126.740916520213318 37.417547225423888
126.74124238505317 37.416774201406312
126.741407516498299 37.415467263614161
126.742085987438614 37.414189033954095
126.740399081642906 37.413152258727976
126.739812553700361 37.412043566695019
126.74126651793928 37.411072280319132
126.741723663941386 37.410553510066244
126.741758391671681 37.409184331448031
126.743197591048371 37.405344114660394
126.743603325808664 37.405390897602913
126.743621628224702 37.405303647637659
126.74273019050554 37.405215257703411
126.74379004866735 37.401986888646853
126.743419207715363 37.40170394600149
126.74156355213357 37.401059036762049
126.741667429477886 37.400873999272996
126.741560367062021 37.400653575175888
126.740886651852151 37.400389392841312
126.740860306465848 37.400251650770869
126.740398308881296 37.400001160845065
126.740687242734154 37.399524262429118
126.741034616498283 37.399957801227039
126.741222595717915 37.399740836894125
126.740844467649978 37.399323286014059
126.741065532197169 37.399130624105595
126.740303903867073 37.398370687925855
126.740076770282329 37.398532926346853
126.739884882629468 37.398402143873078
126.739579158850248 37.39792083237149
126.738996517944017 37.397506200093162
126.739062266492041 37.397425534979448
126.738835281053554 37.397088556646274
126.738688166312627 37.397175239849616
126.738364666334846 37.39703682917645
126.738214057200508 37.397114205257999
126.738127071284396 37.39736376353553
126.738271364763705 37.397729841851714
126.738034816292938 37.398060716258101
126.737844344931332 37.397778725459304
126.737936509905055 37.397559866904757
126.737677064676959 37.397273227306449
126.737434241436347 37.397325898206091
126.733501091955816 37.393872084782473
126.726311692481019 37.386409827351905
126.721142788986214 37.382504180377097
126.720248880984883 37.38268479400103
126.720101935273902 37.38282128995661
126.720316739483934 37.383220499275559
126.719441416107287 37.383287116787734
126.718935922739789 37.383439082015819
126.718147035383041 37.38331809062143
126.716198261835558 37.382706905409037
126.71549605708401 37.38262215400357
126.714669070467878 37.382737283340873
126.714525036802641 37.382894890738299
126.714186946539343 37.382678385396353
126.71280982189667 37.383492422106038
126.711430867582806 37.384044296304509
126.711590943616585 37.384212223747852
126.711024617829779 37.384485644171342
126.710822863589115 37.384418130747534
126.710387140593525 37.382898291556472
126.685997479453448 37.387004330829399
126.685872799609456 37.386655982052524
126.685232764153909 37.386764645773418
126.684791261575882 37.386234399332416
126.684367195292381 37.386216936149232
126.684292491976876 37.386106640636804
126.684058224727394 37.386203440267806
126.665639254322357 37.367169892587
126.665398993337661 37.36678008911521
126.665191538224676 37.366707130792022
126.648998846975672 37.349989088958786
126.647368251184176 37.348832897863019
126.645439321139847 37.348020423110654
126.644042187272333 37.347693831493714
126.642046275126731 37.347456996122503
126.64073728141534 37.347538310897953
126.640764429096691 37.341863404376717
126.622708989153907 37.341806704564966
126.622680590008528 37.347478283390508
126.615011738227224 37.347451955960402
126.615016933076291 37.346900686159152
126.614826098327967 37.346899160962337
126.614845528098712 37.343131892161736
126.614769735856015 37.343475201807998
126.614568405429864 37.343475354454469
126.614769841735864 37.343520614114105
126.614769487077552 37.343611795932851
126.614567597749712 37.34361086546344
126.61476869180737 37.343656843653804
126.614687624459947 37.347450833157716
126.602505814826898 37.347358684809763
126.602505073673598 37.347165811466986
126.601147448719786 37.347160945616984
126.601147125155222 37.347353816267116
126.591890834494066 37.34732249042144
126.591894054572222 37.346979212411824
126.591623199254286 37.346978364048859
126.591619979397748 37.347321615005193
126.583090550556008 37.347293813418148
126.583048284680487 37.354726318476025
126.620721284048372 37.354855012567135
126.6207572298607 37.347558609950532
126.642472830619653 37.347633030913144
126.643902377601492 37.347760264248556
126.645287965066188 37.348068267300889
126.646801862054716 37.348645142345731
126.64797316583153 37.349311707030665
126.649150143573678 37.350265881758574
126.654657927522948 37.355959807358758
126.616272420940561 37.379449554322619
126.609966984695888 37.387187301519859
126.609937604376981 37.392923303124519
126.608180998988757 37.393987872072934
126.608162734612321 37.3975911263665
126.609907502769147 37.398666234244857
126.609814710994812 37.41632167177923
126.607355337972493 37.416346116502403
126.606089004011153 37.416261310975315
126.604871848637444 37.416338738706862
126.603489854299852 37.416251985742853
126.602136254059374 37.416328565871837
126.601045894308186 37.416244660594231
126.601027951336292 37.419654869843164
126.601594061398771 37.42048575631037
126.601573138497045 37.42070046730737
126.601897174717053 37.421175203416844
126.602134296061848 37.421277547550595
126.602673526938673 37.422068972626583
126.602652737068055 37.422282693298378
126.602975981460816 37.422757954888858
126.603212883179665 37.422860206867909
126.603752371929517 37.423652167900556
126.603731571254087 37.423866249178161
126.604055507041977 37.424341429182178
126.6042920886172 37.424443677480888
126.604858947184098 37.42527482051284
126.608071581175309 37.426765708649455
126.629893374167366 37.42683774749284
126.630068638531057 37.426942644121624
126.63022453002209 37.426838805621699
126.632756314822458 37.426846846011273
126.634072622336973 37.420405621430689
126.634248109875045 37.420189401618536
126.634165057561916 37.419953279146135
126.634555287112292 37.418043496844234
126.637947899359219 37.419435405978319
126.636573090386648 37.424099693416878
126.635249233445506 37.429887934904563
126.634769419526847 37.430610349474122
126.634837082445799 37.43106950398213
126.634638254829341 37.432018356244271
126.634357978587602 37.431998556353953
126.63433269358336 37.432132457790885
126.633486141519242 37.432029633627444
126.633507134757537 37.431918514080877
126.633358423394938 37.431900211631628
126.633584984289953 37.430717898887586
126.632358732468887 37.429989577966445
126.611663548731045 37.42993414144987
126.611529592958618 37.429723369124432
126.610683947430871 37.429663985134539
126.610201627471724 37.430108954727288
126.611395064321201 37.432003033122157
126.611638317428358 37.431906131525672
126.615450223269832 37.437977609452972
126.608567408363797 37.440751695099976
126.610628819381446 37.443997912099647
126.616677206977016 37.441541975070876
126.618678650879005 37.444673826137873
126.610623811572296 37.447947381214561
126.611051001042426 37.448651573901927
126.610975615059672 37.448683426434499
126.613887335779054 37.453112421230983
126.610895220289606 37.454329893830824
126.60589682970118 37.446506107747695
126.605765559734849 37.446253100021742
126.605887320504351 37.446200573256981
126.605681034066052 37.445874962288698
126.605517073541975 37.445891865536339
126.60104784865797 37.438701456606083
126.59757898722529 37.438715556978295
126.597528050518605 37.441656028676931
126.593237107096812 37.441643826072038
126.593210086818047 37.449347002310063
126.591105431531957 37.454515398649207
126.591345439981325 37.454577329750506
126.591422941822927 37.454388387467652
126.59129068085619 37.454354420973495
126.592974800023072 37.450206644220096
126.593281347966354 37.450206577404337
126.593284703566724 37.449653601178923
126.593455520864708 37.449347850542189
126.596986043614592 37.449355481642343
126.596988059210275 37.450326315790903
126.596600417624686 37.45069468733638
126.596837756975717 37.450887521617318
126.59662990132226 37.451087003075038
126.596805493046674 37.451206419560798
126.595184124216885 37.45260332644618
126.595532669506554 37.452839341838732
126.593408005458741 37.454844913016039
126.59424776425135 37.455389535917639
126.59687912936441 37.454190675824876
126.596992358951724 37.454346765205855
126.597803619642505 37.453987444851236
126.599234171544367 37.454617110840807
126.599698570042605 37.454724837979157
126.601552680637695 37.455873153912663
126.601733777279534 37.455692152629602
126.603295095982276 37.456683737536387
126.601550213885361 37.458692425849037
126.602946957427363 37.459457921754677
126.602196288239355 37.460340339971516
126.60061446321626 37.459471151255535
126.600140403514985 37.459811922148035
126.599175479495358 37.459309714513928
126.598990337466503 37.459451558924364
126.599113838118868 37.459277122504481
126.5984553102478 37.458812277938286
126.598292694580266 37.458937295587916
126.598172841929426 37.458827639265067
126.597989149604103 37.458864178389085
126.598120522553259 37.458768895993096
126.598005415900303 37.458664042027465
126.598166220510763 37.458547461943645
126.597107618998166 37.457603704153343
126.596703098169499 37.457624007930647
126.596686782992222 37.457734323055433
126.595373045837988 37.45708419666051
126.595796070265706 37.457462654654236
126.595711982102515 37.464168336055423
126.599122675254478 37.464647951599048
126.599771832307511 37.464962977218264
126.599957582705827 37.465599370195989
126.600398843720015 37.465520627192319
126.600480396622089 37.465794302633071
126.6000439947058 37.465921492251695
126.600092203279118 37.466088620431712
126.600610010237347 37.465996339174438
126.600657472031216 37.466170221514737
126.600195145288509 37.466456694310267
126.600332823564358 37.466935248738366
126.599471236592763 37.467236686794259
126.597308646767246 37.470357185503978
126.597052659765623 37.470168785156673
126.596688904424141 37.47037927306161
126.596785225239273 37.470662859472831
126.595937256961662 37.470559148360692
126.595712827055095 37.471820900961163
126.597641863462556 37.475494844465572
126.59782303449505 37.476588489292226
126.597628663137826 37.476666384214901
126.597607990839947 37.47683102389356
126.597863003863694 37.476810217904479
126.597888304988714 37.477327530186628
126.600600559967759 37.481523016603816
126.601776004008926 37.481363413901541
126.601545383621769 37.482042597766835
126.602210429069103 37.482187042139913
126.603331801060676 37.479833027343233
126.603495172368056 37.479606644328783
126.603935061600296 37.479735390420849
126.602732599738715 37.482325927111788
126.602755852760836 37.484298897801558
126.603418264824882 37.484014785873086
126.605853655462298 37.484731933381632
126.606455978600252 37.483376265145559
126.607533160204355 37.48369774214995
126.606365440443582 37.486278573830702
126.608051646373781 37.486765953493517
126.609795142708094 37.48295039904437
126.604545836112223 37.48135473179579
126.605104637795364 37.480076626475267
126.611948556529157 37.482080174505569
126.613428881907282 37.478950426067065
126.613578625084315 37.478996247176909
126.613679957162944 37.47876879851767
126.614238959438694 37.478889725321466
126.614369714166685 37.47898532658207
126.612909961038369 37.482346312874306
126.616891359628099 37.483508677723222
126.618095316362073 37.484371070001018
126.618410026685623 37.484910156648745
126.619217538537868 37.484637120937229
126.619865158574299 37.485858379312305
126.620216331150417 37.48628353826583
126.620176761940087 37.486423064997702
126.61987992182226 37.48639479797432
126.619428655618435 37.485955508899579
126.611681228287097 37.483515533122976
126.609904668875231 37.487351566567703
126.611983130374412 37.488010532667772
126.613175694933219 37.485444927457038
126.614282502598314 37.485787838939437
126.61315508536893 37.488301572959365
126.615265236286675 37.488991563240987
126.616413120386682 37.486369188332461
126.616671073219806 37.486435350490908
126.61659839363584 37.486724000387547
126.617446168343861 37.486873729252189
126.616214169947767 37.489743613026562
126.617720211080481 37.490182677108841
126.618371269216453 37.488696183575172
126.619009153579754 37.488883514208609
126.618388618528243 37.490381938458455
126.623084991835967 37.491796436202677
126.623984650119098 37.49018230801498
126.623434512335507 37.489368248295946
126.623873177806217 37.489233096114212
126.623798467399595 37.489087851589979
126.623969396996245 37.489034058133583
126.624736467007878 37.490136280712939
126.624830915177 37.491064605927249
126.624706267255505 37.491117422153621
126.624202982563546 37.492122398315338
126.626268873142678 37.492484032608424
126.628889260473017 37.489886197470973
126.629112281414493 37.48980271193804
126.629298613375923 37.489531584803785
126.629066287360388 37.489457936215693
126.629166240035758 37.489219487791345
126.629446781407964 37.489329049402038
126.630585955186532 37.488190907346443
126.63079845105996 37.488199449181614
126.631613153912028 37.487397305114854
126.636122766629725 37.485054953026726
126.638555581715991 37.483419817769544
126.637418178336759 37.482303588560356
126.637624604974633 37.482175552767401
126.63902413367984 37.483521212875289
126.631913447599416 37.488268553057779
126.631241502931601 37.489317793479302
126.630193956755505 37.493110514964016
126.630402006498272 37.493090050346851
126.640763091168964 37.495772990306683
126.640754787748619 37.497480326034875
126.639458320040717 37.498290936117066
126.639473364028007 37.504234929012185
126.630767881057707 37.504253401398849
126.630755838884738 37.500469875690627
126.62944674887504 37.499644198413449
126.626649833481792 37.497406810732826
126.622710333082992 37.497315239922607
126.622744696615911 37.496281015128922
126.604542999174228 37.49590436920149
126.60444662973444 37.508820883506729
126.604185487499336 37.508819276353499
126.60418130851518 37.509603575057803
126.604441214942526 37.509604106583453
126.604438177714329 37.510030084891135
126.605421142665094 37.510715589479972
126.604577658495288 37.511010084677842
126.604549529445649 37.511183152413196
126.604876357112801 37.511905601811286
126.604185597795166 37.512093055952015
126.603817543421115 37.512546259640814
126.603687315102619 37.512475426005814
126.603257574649277 37.512995426447667
126.603525090848521 37.513139081465006
126.6031305560726 37.513650469518396
126.603317952685302 37.513772167535691
126.603047898916728 37.513669165559257
126.602805827386064 37.516385944206213
126.610083471342335 37.515314950837741
126.609262146560582 37.51287108062828
126.610794331630572 37.512443962588065
126.610892429382289 37.512802106216299
126.61223368963141 37.512536489175297
126.613510601750704 37.512653944884924
126.613063202491617 37.515237304179855
126.602765547852712 37.516834510403179
126.602705255513101 37.526909263250197
126.611036022488619 37.526939892816713
126.610898038190214 37.527736361772106
126.602669701206636 37.527818385610928
126.602632150047071 37.533276842795487
126.599290161594894 37.533274517273952
126.599283850229895 37.534384396120387
126.599509555642854 37.534556920002615
126.599505003569661 37.535339637457163
126.599277218753684 37.535520185622111
126.599272129539798 37.536402568139131
126.598762811338503 37.536401399529716
126.598757986813325 37.537168069984219
126.59855503444868 37.537167088654343
126.598554430401578 37.537346446396626
126.598757556467632 37.537346860315395
126.598749199323166 37.538833451458082
126.604975311890399 37.538860152257385
126.605039991378774 37.539735390666124
126.59866830060362 37.539712384945858
126.596655768580291 37.548579134846158
126.598354802017738 37.549078056834581
126.597679193212244 37.550237388752379
126.602882859735459 37.551905855928197
126.606541136735672 37.553374095839175
126.606478709080591 37.553544227150155
126.606722692261741 37.554086481097983
126.607303842854904 37.554438680971401
126.60769151731904 37.55418939241855
126.607750591533701 37.554389490680194
126.610045768097365 37.552642174991419
126.610522363755564 37.552529157775218
126.615630940972608 37.553938235139377
126.613058051783824 37.553485588614997
126.610415777517275 37.552686071334264
126.608532365005345 37.554080309255077
126.60870072425719 37.554324676292993
126.610703901663939 37.554983546070076
126.615305505125832 37.555233303610649
126.61648629185926 37.555396002899847
126.627158914877185 37.557642871493705
126.628356128274916 37.557837580007138
126.628591566489774 37.557740205879995
126.630348880400575 37.558096857234837
126.632130325591149 37.558589606721881
126.633762914829504 37.559207913045263
126.635479050523969 37.560058729234285
126.63675043185458 37.560885623415111
126.637005767699563 37.560327621295308
126.636796362499425 37.560193358584598
126.636839715033219 37.560029693713652
126.634441773251481 37.558645639433834
126.638457507185095 37.556730505396864
126.638661519013169 37.556815879093861
126.638778853993827 37.557234639232476
126.638752173048132 37.557959571148558
126.638904504536271 37.558417847479205
126.63960702613862 37.558539104105222
126.639457042792202 37.558946619603091
126.63952403876084 37.559172071190787
126.639054772434548 37.558954566721205
126.638824212005105 37.559278212534572
126.638872332031184 37.559365377949817
126.639361249980197 37.559475005463185
126.638739441752918 37.561229818594107
126.637268037135797 37.560274371306292
126.636892783020684 37.561100678006547
126.640271265298011 37.563409293654111
126.639549582574475 37.563692281358641
126.639170818536186 37.564059991280963
126.638924676800968 37.564624936560612
126.638779781096488 37.564591272182732
126.638534263662905 37.564797780087957
126.638696995747623 37.565002245405573
126.638989175959793 37.564948452815017
126.639515629893765 37.565513921936343
126.640142764852186 37.565912411548901
126.640218623203893 37.566512519012527
126.64073138287857 37.56701624997428
126.6413831898425 37.566937322957223
126.641525941940131 37.566780293060461
126.642326278823703 37.56712677090097
126.643275870717432 37.567079480859881
126.643237632956016 37.566938225379559
126.646126432371759 37.566303149238571
126.646456280913668 37.566518701970026
126.648735303548236 37.567293352709157
126.651441109176133 37.567974585739108
126.652200224362204 37.569256799041284
126.654212124133963 37.568898394563341
126.657598749763224 37.567732803673657
126.658003406813478 37.568289726158049
126.657764945293991 37.56866693199833
126.657842149170577 37.568840316600294
126.659006938649995 37.569463975242535
126.65975281149953 37.569456847299364
126.661098141860293 37.570522201118798
126.660865886752021 37.571076978833759
126.648711803485028 37.570212109213877
126.644716211248522 37.570154061699689
126.640163259111432 37.569814778862558
126.637374632373863 37.569254628787533
126.63289132956875 37.56796140936622
126.633579493067685 37.56709428688464
126.635116181444261 37.56422276477182
126.635287288552306 37.564274921733706
126.635438754356485 37.56392292684086
126.630171138644627 37.562555090480629
126.629717249746037 37.562355445583378
126.629222432949504 37.562033857155832
126.627570351306503 37.560396863500806
126.626371530590575 37.559408645234598
126.621639756686932 37.556539917118215
126.615693015245256 37.555406838487784
126.611135564649487 37.555151656303082
126.610076054298531 37.554978493456019
126.609970023997093 37.554998143562273
126.608737965298644 37.55781629532644
126.61044963401207 37.5582916606512
126.610824862286933 37.557436697277602
126.612206649293796 37.557821386829389
126.611645193650645 37.559101634766343
126.617789787421572 37.560806424446191
126.617234891195523 37.562079692131867
126.61820020477893 37.562347629401025
126.61693692892436 37.565285683632332
126.62334992415893 37.566974569132249
126.636371150048646 37.57062850155868
126.638174519995403 37.571034913178408
126.639338458838282 37.571208775545763
126.646269598003371 37.571650413888172
126.647480615146208 37.571832896386603
126.66110710659882 37.572860378797053
126.662027814193507 37.575144959597239
126.663729722958792 37.578007083438365
126.663494784948739 37.578169993471263
126.663255869867029 37.578626557824045
126.66322053071984 37.578540583637967
126.662985290653083 37.578614798738769
126.662362859334891 37.57899846175038
126.661971099202532 37.578932231052207
126.657550507204789 37.579431902737717
126.657007725744521 37.579383757914464
126.656616466644735 37.579143250935303
126.654880984357305 37.577413381279868
126.649729816427495 37.579330336500526
126.647536952168153 37.580447477615458
126.646913727237191 37.579188169678005
126.642805754340145 37.582643411594084
126.641967114294502 37.582895946121376
126.639858928069273 37.58548095364808
126.638822875030996 37.585285199119788
126.637320508624015 37.58531069302699
126.636001740932599 37.585411077319804
126.633852406476436 37.585801680476948
126.633112703528212 37.586283084542217
126.633564124579507 37.586974021393168
126.633159373492305 37.587259388393761
126.633134865239981 37.587495260433251
126.632878359725098 37.587636364497996
126.632634243286446 37.58756098198679
126.632431727046637 37.587659177581912
126.632803902550222 37.587664548145696
126.632467738962831 37.587868623946861
126.632528142178529 37.587768165303011
126.632237522327529 37.587759652097496
126.631655789893003 37.587998464137847
126.631851590006903 37.587772751292853
126.63316365424734 37.587073295875697
126.633019044729622 37.586693026667533
126.628804227425448 37.583193278112141
126.626364045961566 37.582185738354028
126.626533014626673 37.582176707423443
126.627090744567468 37.581509778221005
126.627277623634228 37.580894325120994
126.627106895580496 37.580651365472647
126.627135174512475 37.579950653797518
126.627027719656937 37.579789541837414
126.62598569269214 37.579115288253831
126.624286225496064 37.578261532978182
126.623896441124231 37.57814344732121
126.623061082938989 37.578165549479863
126.622630070438476 37.578536948148447
126.622672984465197 37.580262465026394
126.622277806211812 37.581134868836983
126.622274020128756 37.581532972984206
126.622478252371096 37.581584589057293
126.622557919657524 37.581955373360366
126.622854508501447 37.582210852391945
126.622455855929218 37.583313552950912
126.622543531633497 37.583536269097223
126.622825254091268 37.583587853124818
126.622978322639 37.583924806817627
126.623482834457434 37.583856876439917
126.623918266998743 37.586361302576812
126.623754739437686 37.586163130867206
126.615193183523971 37.585880894977109
126.614994878372826 37.586052558305653
126.61354375022232 37.585845357201677
126.612741447407899 37.587690617986297
126.613040394950986 37.587768996244534
126.612980344364999 37.587873330337331
126.610503999302409 37.588020707978956
126.607264850950841 37.588065073814576
126.612507976884544 37.591286550231302
126.611665050729599 37.591708410110542
126.611421439745556 37.591563800129052
126.611052898531938 37.591760985551886
126.60963066696776 37.59208314830142
126.60934921955652 37.591839038934339
126.608339345459484 37.59011796240457
126.608525869790867 37.590152640209325
126.608758970946326 37.589964030952807
126.608719338390486 37.589727752234431
126.609007669492058 37.590146855923891
126.609225922967113 37.590133526037754
126.609250133215028 37.589899802365665
126.60905189829576 37.589594161267939
126.60864933653086 37.589302616692535
126.608337063681191 37.589217245939253
126.608469057259185 37.588952716353681
126.606779377466339 37.587924366970434
126.606070400009344 37.587922173849485
126.605958145596176 37.58806045840609
126.605838563534817 37.587829046812011
126.601852380028703 37.585092893714943
126.601525177865128 37.585146970593904
126.602057081222924 37.584460368104466
126.60186398026427 37.583751031464104
126.602282228009656 37.583441608432288
126.602509646303375 37.583090715077979
126.602566068233997 37.582561021434529
126.602224197059329 37.582150198704987
126.601127339761518 37.58204061845781
126.600787629446799 37.58188967819418
126.600112959032359 37.581954391888381
126.599981222722221 37.581879054258046
126.598943534816371 37.582148346157979
126.598290132521228 37.582009562734534
126.597339978674171 37.581988573115311
126.596718330882936 37.582126942478361
126.596125602862287 37.582412095385365
126.595443099468639 37.583104351863369
126.595545742887239 37.583226616303975
126.594318725204076 37.584146732093124
126.594147455003537 37.584638869576864
126.593778559590163 37.585040216099728
126.593626150104981 37.585351096075108
126.593803579810412 37.5862256588264
126.593135215013646 37.588561958166054
126.591564454275243 37.593011949231943
126.598143238534874 37.596284335615664
126.601388459227465 37.597700060471723
126.603628771269683 37.598992933023411
126.605467987055022 37.600264432152699
126.607065933185794 37.60169923938858
126.609470133249744 37.604543921917511
126.614355808834929 37.606287105886373
126.615522493414701 37.605681920013232
126.615689634180455 37.605456095144085
126.615975500119418 37.604410490492128
126.616488497351369 37.603717566254737
126.616911353827959 37.603552261366026
126.618650013325592 37.603535115245073
126.618875556579624 37.604029698928038
126.619111178124072 37.604181376856609
126.619578481841373 37.604134460313858
126.619821017341508 37.603520885581027
126.619985845205107 37.603449673657352
126.620915645394632 37.603686596047787
126.621553167797785 37.603305735504819
126.622176378279406 37.603197658752272
126.622664663956925 37.602956277614773
126.623001616955406 37.603010258537573
126.62320093668464 37.603307930780225
126.623423894119568 37.603412547094308
126.623700595573652 37.603334874591049
126.623739865603767 37.602986429626959
126.623274571324814 37.602482643605953
126.623323062042914 37.602307955943274
126.623578427004276 37.602171441796493
126.624271553590987 37.602339995473692
126.624586727283003 37.602789518450592
126.625172924192398 37.602612650630945
126.625561775347236 37.60272111542934
126.625741022720973 37.602592726734017
126.625818856081338 37.602738829266698
126.625531750109587 37.604095860553095
126.625563257226901 37.604516321742949
126.627648998976241 37.605759815363392
126.627863680376066 37.607357757722383
126.628441668728414 37.608021524405039
126.629324920990115 37.609604402892884
126.629441013288442 37.610171537230478
126.62927525429032 37.611226003131598
126.629387421006939 37.611621940010153
126.630303565544637 37.612439929431304
126.630577557875014 37.613072322755059
126.631292812514189 37.613366817745529
126.631490204004251 37.61356734587909
126.631612821046161 37.614142940592451
126.632109498105066 37.615016479067897
126.632348887537276 37.616029411488839
126.632139463978234 37.616686469355223
126.631674005924467 37.617010497170497
126.631659093243584 37.617341271780276
126.632409839127106 37.617840852039222
126.632599818927218 37.618219855805847
126.633069729999946 37.618644215788919
126.633299738957092 37.619301797436073
126.633493301494426 37.619369695135951
126.633849322418541 37.619205537486543
126.634255629534934 37.61919244334031
126.634924087258227 37.619733692058091
126.635315312612633 37.619822760307656
126.63599689040575 37.620289714811392
126.636460996900922 37.620351128585199
126.636574298884 37.620490283606266
126.636422345766249 37.620800929798392
126.636621613242724 37.621347482236814
126.636268927539646 37.621663139701347
126.636812182505722 37.622444442055802
126.63709656410478 37.623431050117162
126.636743887004741 37.62381483980117
126.637376212518518 37.624990032099639
126.637120027264515 37.625333016951814
126.637285150357911 37.625842019760668
126.637259588018182 37.626509787481581
126.636984516387159 37.62709569844916
126.636456691770405 37.627675753586722
126.636851878313024 37.628107468513285
126.638463794651628 37.627460926844762
126.639115361315376 37.627309765077413
126.639421976534379 37.626936242939983
126.639907482699826 37.626769638960823
126.640980330041586 37.627199476868789
126.641402058519233 37.627147304604804
126.641687885135582 37.627365218221897
126.642213038813097 37.628102806531984
126.643530464640961 37.628251245582938
126.644644770453866 37.628516750140435
126.645696843517555 37.6284129369011
126.646205690723363 37.627826303445993
126.647109839859027 37.627478569367781
126.647444532727292 37.627991069548315
126.64756396925425 37.628933791720534
126.648582536633313 37.629592023007611
126.648787012152866 37.630519791607625
126.649014192269519 37.630691096919641
126.649644824352137 37.631865371123979
126.650079351152783 37.632175529968833
126.650415127366401 37.63263011585768
126.65057023550898 37.633296450762074
126.650489316024604 37.63333900534635
126.650558272270871 37.634712916314896
126.651505227403732 37.635147070106832
126.65142858316824 37.636164097105585
126.651774365121369 37.636454838594972
126.651452734931652 37.637545756951759
126.651199673627175 37.637867382482447
126.651663052023693 37.638561948695774
126.651631385251775 37.63870938965767
126.652554517568049 37.639488617948658
126.653198397390156 37.639118614930204
126.654009509588221 37.638214401820477
126.655545071701482 37.637938767136788