128.696041253366303 36.015573399448684
128.696778917858211 36.014590059523762
128.696801235201605 36.013172196102488
128.699922699634897 36.011911541054289
128.701381992672282 36.010852622985517
128.70442224970509 36.010077901733382
128.706434404641072 36.009750262261441
128.708018222084348 36.009682391935982
128.711850599540838 36.009162318519301
128.713667127663939 36.00833357254588
128.714870215991738 36.008178693818998
128.715317920493902 36.008415306452974
128.715893727924254 36.00850169107521
128.716689722489917 36.008209279849503
128.717864912569894 36.008127132721583
128.718539474454047 36.007685233434998
128.720884439859134 36.007033253464648
128.721328657763792 36.006709805986446
128.721185382225428 36.006400423556734
128.721893536615624 36.006198498569908
128.722659044442111 36.006131480775672
128.723033588652839 36.005648798878497
128.723534077132882 36.005332422157707
128.724719231136731 36.004038372370843
128.725755502297488 36.003945472097726
128.726358380365923 36.003653237241686
128.726877953983148 36.00322787803961
128.727358333774589 36.002466855947425
128.727814356068848 36.002226855476451
128.728605568651943 36.000719069837494
128.728370442205204 35.999599177086033
128.728625719904045 35.998719747447041
128.728212675156186 35.998355117832141
128.729083891870488 35.997927782270366
128.730402248203234 35.997982561726893
128.730990130176906 35.997672497118636
128.731873030160187 35.997527134025376
128.732620306415384 35.996899944674745
128.733136667821299 35.995903533799556
128.733814421103233 35.995426010101006
128.734203848832664 35.994615315157219
128.733602085350412 35.9939245260543
128.734855706879102 35.992956039783202
128.73415626661594 35.991806537181077
128.73316403260381 35.990688297366425
128.73206401922755 35.990107199778471
128.731591829657702 35.989381299874076
128.73148976008909 35.988467586604941
128.731186847734875 35.987511432678659
128.731401189885389 35.986014201766757
128.730973945521583 35.985361435625457
128.732239838229475 35.98375301391993
128.73319297074363 35.98310313746758
128.735400244337626 35.982213799760316
128.73670283563726 35.981148554455302
128.737034087527888 35.98029672292413
128.73728265140295 35.979164786736789
128.737780052049885 35.978432478972849
128.73802741773622 35.977515967965253
128.738823207417539 35.97680525490626
128.739985236715512 35.976208610550088
128.740293925379461 35.97581440926777
128.741523581112432 35.975269438331679
128.743753951441818 35.974672471173847
128.744192297048784 35.974126284386969
128.745335496279949 35.974031388088591
128.745835154187716 35.973501205728219
128.746210261465961 35.972868638023321
128.745773978494498 35.972279692856326
128.745572061394057 35.971352518784862
128.745396949816239 35.969218897594722
128.74539147061634 35.968481481246016
128.745944189178232 35.967609511272521
128.745479078687538 35.967189096394868
128.745370537738125 35.966947371079549
128.744312358276659 35.966619205314039
128.744078053672837 35.966171214977514
128.744086761388388 35.965732361333664
128.743780315038151 35.964901598069964
128.743452929791829 35.964757112308128
128.743368704885881 35.96432946837475
128.743710075476372 35.963785813448681
128.743301834839741 35.963587025640251
128.743415610998056 35.962223022656381
128.742878139218817 35.961059944316162
128.74299463111339 35.959945389897534
128.742479606284604 35.959267743089562
128.741878808383547 35.958832384933537
128.741119514788039 35.958592211299347
128.740310019881633 35.958147199825738
128.739907440796003 35.957668129572824
128.738906036824318 35.957237154999845
128.737960572169129 35.955943392266448
128.739811259290036 35.954796973037801
128.740671088656768 35.953305294933742
128.740943704845051 35.951617959261654
128.741771412259681 35.95101714354756
128.741622368868548 35.950522008056168
128.742438879653804 35.949600892144225
128.742296541915778 35.949064549432187
128.742247171775517 35.947793018913984
128.743271948410381 35.947147943628032
128.743576695417516 35.946801092084115
128.743463585908955 35.945513310533642
128.744086707075297 35.943958018952323
128.743813787146706 35.94297836880385
128.743047935213127 35.94227479632837
128.739745477055578 35.937472181703654
128.740817732076039 35.936865865469862
128.740192659162204 35.936799455582829
128.73945270127831 35.935060333653986
128.738073302983679 35.934130475846565
128.738430322433999 35.931125466579587
128.738340525621766 35.930518512752649
128.737700676826279 35.929568368613126
128.737250600727066 35.929728069377063
128.736671674038149 35.929631407136988
128.737646128574767 35.928102892825855
128.740095880979226 35.925661465695917
128.742545502078912 35.921436086970289
128.742677496242635 35.920398740764611
128.744026523883718 35.919384846298264
128.745298522598546 35.918932153205645
128.74559252718737 35.918605738867988
128.747047162552548 35.918415072613499
128.748493504727151 35.917879548558517
128.748883094566082 35.917476830314421
128.749993117066509 35.917484603574366
128.750874712955948 35.916787761669227
128.752199447030961 35.916737192650558
128.752958366861321 35.916207701925686
128.753833822591815 35.915893338024382
128.754286953874242 35.915484884023087
128.755295834159796 35.915005235444141
128.755755786051793 35.914185545541748
128.756545784936066 35.913466907345544
128.75656511368976 35.913025925489137
128.756936593832194 35.912683706993931
128.757419001235974 35.911753293773145
128.757245081184209 35.911464390439576
128.757577634107719 35.91086535463895
128.757415867749074 35.910468417593911
128.758067887493127 35.909993120422719
128.758303902946011 35.909521087689242
128.758413507186276 35.908873786946181
128.759178956820506 35.908300793399412
128.759801384617276 35.906833287921067
128.757920383792168 35.906029556421935
128.75761789301859 35.905607928296675
128.757030046778681 35.90513217624865
128.756734910318357 35.904666787581185
128.756555867339415 35.903565548528931
128.756690124752794 35.903234679466827
128.756628441627669 35.902588751823281
128.756863909559598 35.902358622185588
128.756985891520571 35.901832789362992
128.756832956576204 35.900847746255238
128.75723541866958 35.898604295012554
128.757286640406846 35.897586131736929
128.757600224379388 35.896756752567818
128.757507359283551 35.89626587403616
128.757811765489748 35.8953349686264
128.758583163119795 35.894629831310503
128.759537459589978 35.892227072376599
128.760217715227185 35.890860661212031
128.760530786899864 35.890667684702542
128.760979016533099 35.890139878060253
128.761766072463018 35.889707079375889
128.762296334688983 35.888836769882424
128.762692673867434 35.888498114305079
128.762059479068512 35.88843896713793
128.761517263009296 35.887878655039323
128.761266982255449 35.887843186597969
128.761428479521925 35.887322392747627
128.76128645215519 35.887065687196731
128.761399946525017 35.886549258476769
128.761159347330135 35.886294563751989
128.760977511964285 35.88580218417777
128.760995646680783 35.885448788945887
128.761153452421553 35.885261754301531
128.760941477824616 35.884830355504356
128.760995354862587 35.883511971272398
128.760661654405737 35.882520845098576
128.76022783128343 35.881930498209847
128.76016338129719 35.881535236455363
128.759091604758737 35.880071973169983
128.758838314963725 35.879382947459291
128.758960643178455 35.878999877305631
128.758732100282202 35.87855294837582
128.758090316912217 35.878023079160783
128.757683679158305 35.878097733880267
128.756923896746486 35.877833440916767
128.756978219806399 35.877629617920313
128.75720219449704 35.877446679316982
128.757511302333739 35.87601051643324
128.75871799468743 35.876207160936133
128.759867045100947 35.875611943014803
128.760191160650862 35.87524843744027
128.761104308753715 35.874735224486457
128.761253713292518 35.874404135566436
128.760830971112597 35.873890219832624
128.760125066386195 35.873713854175129
128.759548469113042 35.873001125495151
128.759585796956657 35.871966273796048
128.759332167339153 35.871166583631258
128.758737623298316 35.870501418417533
128.757729764066482 35.87002927934882
128.758290336807704 35.869610506952938
128.759574651218998 35.868940662167134
128.759870895086181 35.868459866835131
128.759795368776167 35.86607499110692
128.755925806882487 35.864157846428228
128.755098318733275 35.863577444228454
128.754836416486256 35.863262507109617
128.755064213143186 35.863002919802575
128.75401200262462 35.862129549416345
128.752658862732204 35.860376344698174
128.75224340931095 35.859637290411072
128.751572677095595 35.85888308575754
128.75143613458394 35.858509982841298
128.750751694274328 35.857508731135454
128.746286974760096 35.856026847870439
128.745489207096455 35.855864395595553
128.744812533521468 35.855324258630127
128.74447794195288 35.854814068338214
128.743362826220618 35.854280564181593
128.741179443004683 35.852885617158492
128.74084705714526 35.852506607019123
128.740823182143373 35.852268724960382
128.740323263090488 35.852200767023504
128.738572365160906 35.851298225005749
128.737453524052938 35.851160648037961
128.735019735224057 35.851441909245935
128.733469247202777 35.852339204415365
128.731483153502296 35.853996316486395
128.726614610187823 35.85685642708799
128.725510849938274 35.85780098742449
128.725334078986464 35.857749727003871
128.724351513058423 35.857999255300399
128.723653437483989 35.857778108726087
128.723053559339178 35.857868953879844
128.722830578863949 35.857622000172483
128.722670111401527 35.857161712816215
128.721874100618265 35.856947790956227
128.72265672236199 35.856043577053022
128.722744781164948 35.855445155159856
128.724161779513423 35.854813198619418
128.72456274399147 35.854364482080676
128.725448371132956 35.853768037414866
128.725334497902679 35.85353894011633
128.724970766963139 35.853290747428254
128.724831063128363 35.852932576649501
128.72531217638263 35.85266516560813
128.725649757365062 35.85118395657755
128.725564887682879 35.850201509936682
128.726798417661968 35.847384042292774
128.726918712512287 35.846413438449964
128.72659183050007 35.845355409668542
128.726769701504537 35.844842050619285
128.726728951702427 35.844429167577722
128.726202324999548 35.84393943167116
128.72634713115113 35.842560879598373
128.725508611996815 35.841626669164548
128.724932004450551 35.84072507707895
128.724361927592952 35.840441420692301
128.724295299536493 35.839755903054218
128.724034248433185 35.839333335808426
128.724223814176554 35.838694814450953
128.72408541510535 35.838396082407186
128.725188949181756 35.83665216457424
128.725072579554904 35.836049042001875
128.724804793311506 35.83600345353026
128.723910732473797 35.835517727455048
128.722806084341215 35.835250285089174
128.722265018390402 35.834843475969997
128.721801637148928 35.834671584759668
128.721696646961021 35.834678243998582
128.721100504353444 35.835621752343535
128.720417402240599 35.83601769824746
128.719770114882778 35.836058280299042
128.718324429446653 35.835456534584594
128.718071438842344 35.835064597641207
128.71780891433761 35.834142873917877
128.717441409397338 35.834099908659319
128.717254847183966 35.834237899652351
128.717058396867117 35.834237434963626
128.716933244972722 35.833933102082185
128.716068096747961 35.833391986255393
128.714569865595649 35.832850625496391
128.714122351596814 35.831788055033591
128.712676783090842 35.830707596465608
128.711992935735736 35.829974109140387
128.711629522503387 35.829859026935495
128.711285879329296 35.829539380461789
128.710372575065634 35.828428769134391
128.710318487092394 35.827805648591251
128.709808682989348 35.827814695964392
128.708637346331471 35.826567932787604
128.708745213979711 35.826212003126365
128.708714360797131 35.824222776697646
128.708570624534929 35.823372132002277
128.709025272482251 35.822094795671894
128.709064761812868 35.821598338144369
128.709595464853663 35.821096017414156
128.710101511901399 35.820895076217532
128.71213635657088 35.819382787371431
128.712478461559925 35.818906649616316
128.713885359723321 35.817508179604118
128.714091142680701 35.816851081864378
128.714122176119702 35.815378229898577
128.714814051090343 35.814621846882851
128.714629392875651 35.813568076105817
128.714850490009695 35.812659887962269
128.715225295802526 35.812037221856542
128.71542874734763 35.811322759855081
128.715706870719174 35.811000096581651
128.715658462027932 35.810080270355819
128.715840195319714 35.809347595512314
128.716577308245007 35.80872775871871
128.71740563667467 35.808420759802758
128.717581430447979 35.808086160921377
128.717519495203106 35.806836083524054
128.71684925373404 35.806643973662005
128.716057694862485 35.80528430375373
128.714947143960671 35.80510224974249
128.714328285541825 35.804758161587266
128.713045648256383 35.805033074493863
128.711641499931488 35.80477212855309
128.710160387708726 35.804245542371078
128.70867152963794 35.803004107186894
128.707771401991067 35.802493126702061
128.707879577999989 35.800388537671978
128.707727333924453 35.800188772230648
128.707135882317061 35.7998863879045
128.706029069734143 35.799936622250456
128.703871356450378 35.799312247409077
128.702628050896891 35.798601678761365
128.70166937052457 35.797551159824721
128.700628643419947 35.796949505308675
128.700406529309248 35.796627039087127
128.700306269583137 35.795436851676371
128.699808547687837 35.795049055672813
128.697981309659411 35.794610999159012
128.697470847851719 35.794351446013145
128.696532125085099 35.794576645220793
128.695544645876481 35.795298232614734
128.69496242991417 35.795988454339785
128.694564424176804 35.796780264252043
128.693306729209013 35.796788322377665
128.692841775241533 35.796959071338463
128.692660729616279 35.796577817296047
128.691943339343368 35.796012832638908
128.6912569986101 35.795687315156265
128.691098677800255 35.795373441086397
128.690893096583778 35.794193392540713
128.690444975217758 35.793419552070297
128.689767942221977 35.792757350064342
128.688026739027748 35.792311344174813
128.687277885022411 35.792296574086627
128.685930294663223 35.791579647820072
128.685193806477571 35.790975142603351
128.683642646760774 35.790566470332962
128.682511703119843 35.790148619031299
128.682331449664986 35.789842696241216
128.682362254889711 35.787961199103073
128.681960173402842 35.787025150453395
128.68164819688036 35.786750934150312
128.681403759710292 35.785864601336506
128.68146364896549 35.784552432275397
128.681823998054398 35.783149106615177
128.682120575988762 35.782582526334167
128.683196780334498 35.781383039384181
128.682976014968489 35.780994860359151
128.68394920819955 35.779568940949176
128.684265584512588 35.779373653171483
128.684928306275737 35.778237750946076
128.685662518105005 35.777947448276429
128.68601647693373 35.778043216497601
128.686458360542133 35.777418964937006
128.686639307455664 35.776210419413978
128.687070471102601 35.77549885949103
128.687023603932005 35.774216976715223
128.687180864862484 35.77382435803969
128.687057567162384 35.773197084473807
128.686090677693187 35.771225537703337
128.68612119007156 35.769751726207851
128.686361043456685 35.769249893944234
128.686350158218772 35.768723674393513
128.686456049064788 35.768526197498936
128.687054079315175 35.768123475367766
128.6886164148045 35.768022858703077
128.689393891377222 35.767132126939543
128.689356306074529 35.766505933547037
128.690056702738417 35.765573485180177
128.69073823023362 35.765084322472724
128.691433716069383 35.763948105296706
128.691472870155792 35.762740067230808
128.691006700320315 35.761236004709112
128.691165076736212 35.760225397516493
128.69190148845135 35.759492614288277
128.692575378203827 35.759275268107565
128.693197923651894 35.758886348771583
128.694200546501776 35.758142913264379
128.694808333848073 35.757524027114691
128.695217985303685 35.756872413500751
128.695485634117858 35.755742183073153
128.694744332881129 35.755089954259475
128.694330892288377 35.753667348890481
128.694087487857871 35.749916270598263
128.693628191506292 35.748970528531693
128.692766743146308 35.748516888088147
128.692437748682266 35.746704938783651
128.69273055857866 35.745464390547795
128.693657118445202 35.743653432700441
128.692105994752211 35.742289430590603
128.691308642024183 35.741355012091724
128.689283916354697 35.740193554261303
128.689125697862409 35.739772794407024
128.689078957278639 35.738114654539295
128.690278787950405 35.737009857899821
128.690496280565128 35.736623038905876
128.691388402757411 35.736156882104609
128.69194706336603 35.735300785613894
128.691484291543929 35.73437837613924
128.691999713781144 35.733263441732433
128.690964254108962 35.730888835081217
128.690159930726509 35.730159066782221
128.68929496640439 35.729731311885345
128.68778915885872 35.728539655181272
128.685615904343877 35.727582180821287
128.683711457270874 35.72591887535836
128.683137485798625 35.725578284435571
128.683261684159106 35.723224083573399
128.683538448659817 35.722263488820197
128.683524897439412 35.721788071280443
128.683239708518869 35.721454443948083
128.681910368416993 35.721295444244326
128.680216278425519 35.721349624643224
128.679587747527705 35.720934570636473
128.677901281480445 35.721111049657075
128.677089075685984 35.721062610343452
128.675092610456176 35.72121274428568
128.673354927076417 35.72100311665853
128.671769779501403 35.720525665205891
128.670932876411882 35.718894376543894
128.670673900629424 35.718862436165992
128.667816561207729 35.719348713048149
128.666300429513598 35.719267586406268
128.665557058296116 35.718945222087349
128.663523705598607 35.720502513865526
128.662283175398017 35.719442100909774
128.661033465563349 35.720048765366556
128.660230032798353 35.719414829063801
128.657498122814076 35.718055640517669
128.6566102415172 35.717859552922029
128.656214319238813 35.717024125063062
128.65562638835425 35.716385566557243
128.655101969205646 35.715266443576844
128.65345278763354 35.713877702011416
128.652855917263508 35.71401064194923
128.650645457059881 35.712701024377253
128.650005256114781 35.712041989280316
128.649060395595427 35.711647184706152
128.647270336797533 35.711491608210281
128.646731724519526 35.709404274837411
128.646190674834116 35.708916040110587
128.64621196905685 35.708173783519442
128.645331411186362 35.70795208347225
128.643494261526342 35.706997356512204
128.641422705888289 35.70692315948083
128.640267690720606 35.70620205633022
128.638247988178222 35.705790561987016
128.637824437135322 35.705882375071603
128.637117629543127 35.705785109029101
128.636721679684257 35.706119577768376
128.634649297894811 35.706442035444944
128.633641049488517 35.706365613637011
128.632765671105261 35.70651409599072
128.631902977428837 35.706530350022469
128.630926292470519 35.706792364922777
128.63050112407862 35.706672214357553
128.6298039698639 35.705919236589267
128.62872701687607 35.705357788139281
128.628286057710483 35.705337324049466
128.627397018151356 35.705068186177805
128.626692496738514 35.704715735465065
128.625655323411308 35.703832568009673
128.624497603286045 35.703354953769598
128.623997471182804 35.702296705043814
128.619776743153807 35.702849472831133
128.619788183508035 35.704508633000835
128.617454138802003 35.706024998841215
128.617394886547942 35.706705166674574
128.617103753808834 35.70739071378685
128.61612494257065 35.707790810720169
128.615534188871294 35.708304433183073
128.615380010249424 35.708793731675428
128.613916057484431 35.709840876243128
128.613913819919446 35.712168278851379
128.614076762366238 35.712522531968126
128.613870571133134 35.713336134176771
128.613951209292225 35.714174101630483
128.614283943200235 35.71456301378268
128.615624854065487 35.71555529540413
128.616054803646051 35.716096818954647
128.616667156003274 35.71637757550652
128.616884785648494 35.716815618801775
128.616925727625727 35.717635314577976
128.616494219279559 35.718200830480647
128.616166136741555 35.719574641312946
128.615824897092608 35.72016730121053
128.614057983364262 35.722113620003213
128.612657070077177 35.722504468633232
128.611836906975469 35.723405918696301
128.61033593670652 35.724748672925706
128.60993447338123 35.72487576143785
128.610103701626969 35.7262130112534
128.611255418724625 35.72734811557811
128.611584191099524 35.727821244634008
128.612114441589796 35.72813762826663
128.613021854725503 35.728939764454978
128.613794869253837 35.729164499548759
128.614547852164463 35.729617094606056
128.614932463829263 35.730318449429845
128.614798424523087 35.730942007910009
128.61374474951208 35.732433910944238
128.614439421449077 35.733683926575573
128.614116795541776 35.733935061595126
128.613890719805511 35.736890264926622
128.612434666055378 35.738518904159172
128.609195343674628 35.738913846747195
128.607498961686503 35.738998349455919
128.606131530481292 35.738081995622977
128.605931463425549 35.738074137060423
128.605124752748566 35.737551554055898
128.603490881676606 35.737305803921807
128.602898349468717 35.737057852505359
128.602689346933317 35.736725378773016
128.601008532618721 35.736620685037323
128.600455388704972 35.73637699848171
128.600003144114709 35.736339277805875
128.599385375022081 35.7366249697576
128.598851540569996 35.736501271176934
128.598516562820123 35.736704015141811
128.597825896752937 35.736796440858456
128.596770542684055 35.736678688280371
128.595621822468217 35.737211358000977
128.594244617951802 35.737075030864254
128.593831511933416 35.736393774989324
128.594114188024292 35.735545014405943
128.593200957913382 35.734254981635758
128.593165581299388 35.73389633988829
128.592663004253751 35.733592593861978
128.592162828881783 35.73265599719084
128.591343019309761 35.732254442807466
128.590055806034542 35.731806420964759
128.58960087757518 35.731503762329012
128.589141520909749 35.731754281086999
128.588818176116234 35.732310981417989
128.588248869038551 35.732682186048379
128.587908371399294 35.733052588304034
128.586261935043865 35.733777868417377
128.585147207342089 35.734544847367502
128.584933285575573 35.735159794368762
128.584730020416487 35.735266899392904
128.584339627200933 35.736015305478688
128.583974875710851 35.736390307779708
128.583495599833043 35.736574889425718
128.583214547407295 35.737401657454804
128.582415804681688 35.738333440254678
128.581041586615839 35.738466710577981
128.580515903986793 35.738666601719345
128.579192425504971 35.737594331643663
128.578871488891338 35.737593925937837
128.578634280094718 35.737457083444724
128.577620823792415 35.737574313782247
128.576461179230137 35.736805945811341
128.575662060943074 35.736559158520642
128.574635326107966 35.736487619922727
128.574359761787036 35.735967281918626
128.573805070619585 35.73555359807095
128.573466985394106 35.735559597089811
128.572939525632592 35.735317524952066
128.57261128524209 35.734998724391978
128.571728961419637 35.734572894511153
128.570840946291924 35.734532533887119
128.57002108578925 35.734919256973797
128.568012965011263 35.735582775933757
128.567657085085443 35.736163058512098
128.566949224521096 35.736539889820449
128.566645747816892 35.736945991764458
128.566292619759793 35.736832634506861
128.564767185548703 35.736762487702848
128.564566074674474 35.736408815316501
128.563848365027752 35.736142084060958
128.563549362564828 35.735875746487636
128.562655919287465 35.732244793645066
128.561793050104797 35.731795862632957
128.561646706973846 35.731595951020189
128.561528638908499 35.730630251430469
128.560987066191842 35.729713671029252
128.559686220494967 35.72890246341553
128.55865201699919 35.728816845842893
128.558052354750771 35.72865149155497
128.556968315939628 35.727702808846971
128.556372270267531 35.727521290936465
128.555809001600267 35.727841370989886
128.555513567630157 35.727843457999604
128.552938421449483 35.72666322203029
128.552496075011618 35.726597006226612
128.55233077569136 35.726353824084214
128.551475654012933 35.725684823168137
128.551380283642516 35.725468199952566
128.550429928718756 35.72485806623407
128.549859656011819 35.724612695267446
128.549405136638939 35.7245516407488
128.547817642719963 35.723468912527174
128.547557690814699 35.723455558041053
128.546614003396087 35.722718107170181
128.546090843285867 35.722648894681022
128.545672178114643 35.72206038149038
128.545465845108168 35.721096539115663
128.544832047324405 35.720544465729844
128.544085725086262 35.719434089551775
128.541942273517748 35.718962144470211
128.541014394062501 35.719116228760633
128.539684071309296 35.71836656365199
128.539025510549351 35.718113367175938
128.538327803066522 35.718000703390523
128.537894130687135 35.717294418490781
128.537487897722428 35.717230242477932
128.536818185010759 35.716839161003158
128.53599206287609 35.716872992657301
128.534033492342388 35.716675974845693
128.533310019898551 35.716467260682336
128.531453002153171 35.714806496420614
128.530704459197466 35.71376480369306
128.530299418195995 35.713489000858772
128.529034208260555 35.713185813847957
128.52790486607077 35.71274079389304
128.52873906065355 35.711471644394948
128.52934305780596 35.711010279644896
128.530033018624778 35.710222766253445
128.530560843127347 35.709400033100373
128.53131769903402 35.706992005874817
128.532499215151773 35.705082016716737
128.533886663836796 35.703260183723479
128.532618128878283 35.70071139680622
128.53274520784646 35.698294196765936
128.531864111817811 35.696616249822171
128.535263663720372 35.694051602331029
128.534693655499581 35.693728606382379
128.534147327438859 35.692303371306984
128.533852835856834 35.691984694063592
128.533804239839867 35.691497587727369
128.532845050363733 35.690436159963014
128.532780316547701 35.69009896087465
128.531319799819556 35.687860317747507
128.531422572396252 35.685453581930048
128.531799038234311 35.683334119143467
128.529908358320682 35.683496356503653
128.52985121593116 35.683015334119446
128.527925378133546 35.683155114327832
128.526055858170508 35.682502070908761
128.525427963812092 35.681991131645326
128.524696803654081 35.682031733795043
128.521794538483022 35.680909098539608
128.521169037498595 35.680340871132039
128.520192781384139 35.68016832797931
128.519611510442957 35.679646900782949
128.518165153119611 35.679428035607351
128.516160706537704 35.677198513617647
128.516130636951431 35.676943523207385
128.514802151527363 35.675416669694961
128.513405294997114 35.675064695271836
128.511922593975271 35.674953246311425
128.510842000149381 35.674569315857916
128.509455058356451 35.674714637081422
128.508771511682852 35.674339501854725
128.507551186813146 35.672857713727097
128.507427393441731 35.672280133648805
128.507799068239535 35.671452672431002
128.508976567093811 35.670048010898689
128.509178125870818 35.669036954941355
128.509111730899122 35.667030227130866
128.508901811203117 35.666745604497336
128.509148705203671 35.665454691390366
128.508027277217508 35.66372103662902
128.508107493193648 35.662009513920154
128.508927033864239 35.661843817446965
128.508143282962436 35.6619005078851
128.507926591288935 35.659789993181036
128.507948838882129 35.658489444965731
128.507166775928226 35.655397263298553
128.505692001598362 35.654921108570875
128.506358985789205 35.653724460515377
128.507280606326731 35.652638123452576
128.506844206204306 35.652215330890719
128.506813915798517 35.650148404696431
128.508276877804036 35.64925453927799
128.509144069974411 35.648283741215806
128.509388349262736 35.647729304250852
128.509262947210516 35.647853491719218
128.509263471346173 35.647768035363946
128.510610459453716 35.646570560563035
128.510593274367579 35.645971911340048
128.51071108480383 35.645692600756639
128.510605858826466 35.645190695690921
128.509891709867674 35.64407053147108
128.51004904720034 35.643513592854546
128.509885489649037 35.643005743978364
128.509296902951718 35.642316517587247
128.508986178017608 35.642160976990205
128.508850692807357 35.641885742452139
128.508415072666139 35.641834732783124
128.508385706169719 35.641532344087224
128.508196778738579 35.641317554634135
128.507788661542861 35.641069655350201
128.507227782043003 35.640947765716881
128.507154147231603 35.640842465425898
128.507266431872438 35.640448142046957
128.506563132818258 35.640051939705302
128.5062362103738 35.63955696956706
128.50484720152744 35.638976618431442
128.504491049519942 35.639027044907351
128.503798263068063 35.638782562877402
128.503207974765047 35.638843356072343
128.502746206301509 35.6387376187512
128.502178445626271 35.63876562176354
128.50123579942391 35.638923146950667
128.500940898507935 35.638755835660319
128.500034984427941 35.639188743418757
128.499625229931894 35.639033685763351
128.499234364793097 35.638662003700432
128.499041920340716 35.638613713225077
128.498571938985577 35.638831392080981
128.49786289047924 35.638922594873804
128.4966311246244 35.638763961677505
128.496282972089745 35.638953130122758
128.495693605852637 35.639036485207434
128.495463975159481 35.638757406522984
128.495173572952893 35.638006589788127
128.495018354911508 35.637889276744446
128.493223528309954 35.637853940670816
128.492495727412802 35.637121036219341
128.492112214376903 35.637267746573016
128.491917657697797 35.637235135955805
128.491179310804824 35.636890987529426
128.489863526452069 35.636528268992386
128.489602660304712 35.636063411552684
128.489204896055469 35.635742643622287
128.487842043331369 35.635925089412225
128.485951745468896 35.635502754817573
128.484568821601215 35.6354686733752
128.483520551615129 35.635131088133541
128.482709085194017 35.634990522243385
128.482169917896499 35.635016580381837
128.481340032879075 35.635265698745016
128.480692275668389 35.637139671522519
128.480549478379913 35.638953591967891
128.480117250158429 35.639721812937374
128.479459941754527 35.640227553434414
128.478494241842213 35.640528354824468
128.477256292158984 35.640517548447001
128.47618743061301 35.640206820991814
128.474356633556738 35.638584531353757
128.472604112353991 35.638188501820238
128.471065886528578 35.63677909156732
128.470690781347827 35.63661533691495
128.467325087337201 35.636795279535413
128.466263063158749 35.636744051400889
128.464149396604938 35.638022314380819
128.462828709183441 35.638692387052771
128.461598841367817 35.639792721779763
128.461110805453501 35.640657473969348
128.459833388236007 35.640499107119496
128.458789998799489 35.640232682559827
128.457507707604208 35.63962869045357
128.457420286857001 35.639434901233081
128.457491117163528 35.638968282287195
128.457331786821612 35.638485004855596
128.456668789425578 35.638151738010251
128.456482217279785 35.637413204737683
128.456124441245038 35.637410089547437
128.455269556089604 35.637644521296558
128.454243810165167 35.637107053514661
128.45334771190582 35.636902852704054
128.45230660669543 35.637033959655561
128.451487600539366 35.637988065719021
128.450932648894167 35.637935267052399
128.450876538324962 35.63775700987371
128.450731341623907 35.63770607335109
128.45024004648306 35.637769781210928
128.450104057705772 35.63769475908105
128.450072250918396 35.63728315689994
128.449313257064887 35.637700681524613
128.448262448779957 35.637737823718055
128.447159808121455 35.638354892371048
128.446476016025741 35.638413607176041
128.445703779776835 35.6365550183191
128.445694119608163 35.635858076083231
128.445976871330771 35.635237116581671
128.44578232610138 35.634946334979226
128.444861511266993 35.634321686052516
128.444786895817145 35.634695341202445
128.444154131671553 35.635416621837024
128.443839232298757 35.635277054099646
128.443448143464252 35.635373003917849
128.442876373378652 35.635159195669445
128.442179094794852 35.63455353393212
128.441893290139717 35.634620243586035
128.441073553788215 35.633991429784324
128.441304588178014 35.632551130544577
128.44063146592967 35.632560247135018
128.44069921794528 35.632365635872013
128.440453856058099 35.630590280463025
128.439583060142695 35.630366844203401
128.438849840173305 35.630318557137123
128.43785822364552 35.630757590483661
128.43761318733749 35.630676438179016
128.437068044712873 35.630139711863087
128.436563684232681 35.629259925572875
128.436492956431238 35.628886368936548
128.436164884275343 35.628672779180903
128.435982384152481 35.628345176228578
128.435213220584444 35.627648567913987
128.434817147808303 35.627506621298991
128.434014330751268 35.626113606617757
128.433168475625507 35.625352976214302
128.432437154704445 35.624197637596765
128.432174421646636 35.624009779367519
128.431832639957946 35.623173298863016
128.431910799103491 35.622685044368183
128.431479094548536 35.622791588002762
128.431439420342173 35.622249060558936
128.430980322640664 35.621638800200913
128.430378811453664 35.622127134333766
128.429812998575926 35.621927289167267
128.428961928775635 35.622484622842592
128.428488270197562 35.623101048562873
128.4278047853293 35.623431437657835
128.427152510892853 35.623565882184025
128.427041324362989 35.623948103690665
128.425225430688897 35.625277548537198
128.424739714188917 35.625276324060955
128.424674433525695 35.625478905486965
128.424359546281636 35.625197246817429
128.424436788466892 35.625387153878577
128.423869336468044 35.624838526544991
128.423422181395409 35.625127086745458
128.4229442594484 35.625174867444599
128.422737229850867 35.62512415912758
128.42230022692803 35.624748050205312
128.421708952030741 35.623980559944229
128.421375914280901 35.62324001453787
128.420974674295877 35.622854167983022
128.420828776169742 35.622422567639369
128.420626364683784 35.622329716538758
128.420046715539968 35.621235581496251
128.420014804207085 35.620907725548577
128.419641042062239 35.620569522068308
128.419039816674115 35.619697783500357
128.418633675282422 35.620317038412921
128.418669412369439 35.621111780349487
128.418352849772475 35.621601405056104
128.417967382630593 35.621785570153087
128.417742742483512 35.621682449254251
128.417379888825138 35.621863864985961
128.416666730168089 35.621962465571102
128.417081454454006 35.621556499747882
128.416745887791876 35.621745301137004
128.416190706879519 35.621682040260133
128.416244224982734 35.621508652477466
128.415853450320299 35.621213516542866
128.415603723995446 35.620944030434046
128.415716559286125 35.621050992008023
128.415589505959701 35.620754982942117
128.415962357857524 35.620610077536547
128.415928834641221 35.620130123335095
128.415414303238322 35.619813249684569
128.415460251822111 35.619429243529744
128.415278105204209 35.618904232661116
128.414129786500553 35.617759614912721
128.413918400189175 35.617233422912165
128.413335552698641 35.616994671854322
128.412998705354823 35.616558073974787
128.412382823777449 35.616505377557182
128.411602420478857 35.615995352033167
128.410934855492002 35.61602831336306
128.410678740274193 35.615857564936796
128.410541669579061 35.615539032622529
128.410460865059974 35.615777608282578
128.410345297910311 35.615437830105989
128.410449666881618 35.615310316535158
128.41015645285475 35.615096854054123
128.409240874112243 35.615053639041157
128.408955751494204 35.614954341343136
128.408566442662647 35.615113141026633
128.408239863862406 35.61492873794105
128.407931428250635 35.614937556659918
128.407708487933235 35.614784990755169
128.407062894278482 35.614640605763661
128.406497968436696 35.614191409305171
128.405614032693791 35.614568170982174
128.405080095746854 35.614928038629614
128.404844736009693 35.615313131063949
128.405181596557952 35.615405159882023
128.405181985390698 35.615657643738075
128.404860590296551 35.615779229515645
128.40487901468839 35.616324346020178
128.404352277771494 35.616597057021501
128.404125167135305 35.617066565704711
128.403493438755305 35.617411178423794
128.402925174227164 35.617305044388537
128.402906414772701 35.616514807597959
128.403034503456325 35.616396449088988
128.40276502545106 35.615750395727666
128.402923886033363 35.615209683633289
128.401127923272014 35.615626860867764
128.399292448173469 35.615919123031169
128.398281238679374 35.615243700587271
128.398082404237982 35.614981724280845
128.397106078551303 35.614927604078467
128.39644952103518 35.614775906167218
128.39577493860412 35.614134201621034
128.395194726350468 35.614510105664962
128.394990501188801 35.614421393388973
128.394356317672106 35.613936056357396
128.393655776852853 35.613196718779825
128.393687290095698 35.612996480280437
128.393485462633208 35.612788530475392
128.391044791062455 35.612332297887178
128.390128951974418 35.612381154470881
128.389693537266766 35.611795146919384
128.389035902891948 35.61144820614107
128.387751832858953 35.610151306558862
128.387490897576271 35.610234669746475
128.387227165684521 35.610139485463279
128.386614607907148 35.610232346856627
128.386221594998176 35.610090941462346
128.384925829966988 35.610071106266048
128.384406788683094 35.60990886164771
128.383948672952954 35.609598460770677
128.383772376270485 35.608820112430699
128.383412429277541 35.608084596699918
128.382392490529185 35.606966445515205
128.382398921390234 35.606539898155425
128.3819175882916 35.60661490678708
128.381562446414165 35.606859532893026
128.380545161191122 35.607824531291747
128.380396312847381 35.608170392819154
128.380810415998781 35.608835158234413
128.380783014361811 35.609024977822884
128.380234043291949 35.60924719617892
128.379818758649208 35.609252003379886
128.379296971466232 35.608813528412348
128.378647584379138 35.60797957233811
128.37834526793435 35.606998707236777
128.378125330890697 35.606843254288918
128.377824008324069 35.606816576900023
128.377078913209516 35.60698007557103
128.374835567196868 35.607795770273547
128.373712424566264 35.608376867824873
128.372738883663033 35.60844908535384
128.372452301311029 35.608849682309938
128.371363114626348 35.609414468743161
128.371148282695941 35.610232824551325
128.372346974292725 35.61152904845536
128.373413526896172 35.612486217214723
128.378411919970517 35.613648593871581
128.383394795625861 35.615874335167838
128.388375815237566 35.617928286850386
128.389649841396562 35.619220774643182
128.392243743064881 35.622526731190348
128.393305988338199 35.623248975790517
128.39526516480791 35.625837405610611
128.397201359757162 35.62913615748716
128.401251413602125 35.632728695766986
128.401954303941608 35.635743051242677
128.401460410890195 35.639015229186555
128.400466313437022 35.642281961400165
128.40003662664995 35.645554882425252
128.397911598180855 35.648809222664632
128.392270319197848 35.653449148087894
128.38886999530547 35.65526543266315
128.387743816885518 35.656249836539544
128.383686270960169 35.658485882103349
128.382669416937631 35.659544133958704
128.374737087821501 35.664942042570139
128.372511109501204 35.666620635826632
128.367410182388653 35.671414341418419
128.362319417133307 35.675574265733921
128.357186423471802 35.682195232490677
128.355953705074739 35.684397270009455
128.353298143981988 35.690922496222534
128.352293195432196 35.694188632203925
128.351548365980051 35.697457793513152
128.351475712977475 35.699430330003011
128.351796744911127 35.704015637307876
128.355343375933501 35.707333191734349
128.357900808751538 35.708539450285024
128.3588782980828 35.708701229593082
128.361769485486121 35.708233476556103
128.364986784612114 35.707441403951826
128.366818453801756 35.706691200635845
128.372081604732671 35.705102371525854
128.376924956587033 35.703062920847145
128.381972968272805 35.701547704455635
128.387244798582088 35.701297267817111
128.392028395764584 35.700940349518476
128.397062776324816 35.70022325829126
128.407153585692157 35.697431562814998
128.412201756031607 35.695841900352946
128.415408864680614 35.696031255722119
128.417214484518865 35.696441038634816
128.419114290080444 35.696393347429741
128.422223490262041 35.69726914076773
128.423206426518163 35.697738068953029
128.425458340645292 35.699229399701942
128.427766315020364 35.701571951258003
128.432146626906189 35.704894545574646
128.433131097770286 35.705878559452053
128.433980780837175 35.707070291762506
128.434820383345624 35.710539359519771
128.434889365298091 35.714757722989404
128.433641313760177 35.722275982526568
128.433207273086367 35.723334847323571
128.431815911390544 35.725598099837008
128.428417564225157 35.727799062193135
128.423889713339037 35.731028195621285
128.42164607131815 35.73313466773768
128.41150864211528 35.738557269281124
128.406449156625484 35.740673550535767
128.401380057903026 35.743354680686281
128.396322598627336 35.745306063553649
128.391246949125872 35.748352672280703
128.39039200689561 35.74941401580616
128.387733594915943 35.753578810764282
128.383428351895247 35.758264747740384
128.383269951313395 35.758997756998994
128.383469270739312 35.760086848704766
128.38438591204752 35.761611337473582
128.385972159904554 35.763390550992035
128.387694498776199 35.766693203136661
128.389631350577929 35.769987133326126
128.390862437908652 35.771651710091639
128.392123223005058 35.77329198270121
128.396343490897408 35.777133915779537
128.39690318160774 35.777683876913386
128.397585291518538 35.778646076180593
128.398810026301675 35.780998333283257
128.399206039048295 35.7821491076256
128.399387395189024 35.783203814780045
128.400680485354542 35.786495328759024
128.402463637704898 35.789792234740823
128.404678302865449 35.793093706920715
128.406288940918301 35.796388688283393
128.40811916748541 35.799208369573577
128.410545006341351 35.799350752926919
128.410735876414634 35.801089594256709
128.412440431103335 35.802824369038255
128.415772087944703 35.802814941198854
128.415786288102822 35.806092136817639
128.420292351811781 35.806078935630623
128.420816037976522 35.806304136001387
128.420829516530148 35.809354573996615
128.440945482874838 35.80929418173578
128.440930712976552 35.806040902576434
128.441029061921057 35.806016721049339
128.457468981443014 35.805964784687227
128.45921759500186 35.806166730816976
128.459627483280656 35.806064088428869
128.459958082682022 35.806128520819257
128.46000782977427 35.805956661175507
128.459981037477206 35.806135392552633
128.460409506312885 35.806273346386398
128.461674325538922 35.805850949328658
128.463360653745809 35.806058602933007
128.463816939205486 35.805944185347499
128.470433154078194 35.805922336035557
128.472189264490879 35.806481803990863
128.473543202028509 35.807160743641269
128.473908802764981 35.807079406824556
128.472793339228787 35.808982064523867
128.47326047566537 35.809192774008345
128.477898298371741 35.812346274755996
128.481537052359386 35.81601215235694
128.482715904464101 35.815517108442464
128.482952305247096 35.818005751860497
128.483068960063576 35.821138807505328
128.482783161572939 35.82434735306397
128.482459496530709 35.826002999471598
128.481458612038125 35.828751339153776
128.481217129108103 35.830086476085562
128.474155036486195 35.832543273122127
128.472546209519237 35.833608329903441
128.468694577211465 35.838464363472063
128.468992132992327 35.83963111995773
128.46874707466381 35.839551933611808
128.466604481794121 35.839732380784426
128.460356001279564 35.841605016600269
128.455432786402099 35.844161861165787
128.450001557189097 35.846656869973387
128.444720340506819 35.847920712426884
128.43618218686143 35.84833408486702
128.430765930887418 35.849723769334993
128.419177840158142 35.850552947784685
128.415982158100661 35.851757053777355
128.394565058811224 35.852060361000817
128.389533738884467 35.852011286486011
128.387591901608346 35.852406180537784
128.387218058729758 35.851897434018923
128.386541757692328 35.851305387966697
128.385504265381769 35.852298317426204
128.384629619535389 35.852627062135049
128.383510171249327 35.85283465059981
128.383477580872778 35.855062999839035
128.383707055239967 35.856586327176203
128.383438827896555 35.857765491404379
128.383541682695522 35.858738982689218
128.383475814754149 35.860905135756511
128.383594816695336 35.862554688055766
128.384209185860783 35.865656048224913
128.385348172454115 35.867991155464182
128.38574642975567 35.868573770650272
128.38716959826894 35.870033102312696
128.388449512767721 35.871760153955165
128.389562355675736 35.874640935088941
128.389705433762515 35.876363420351232
128.390313537954057 35.878249682065849
128.391549950130212 35.880570794248271
128.392645087912996 35.881866442612697
128.393866267995492 35.885351129789093
128.395996997633318 35.889861853443932
128.396783278368446 35.890980481487766
128.397558907099693 35.891823058396291
128.398066770746539 35.892708553727338
128.399134789314814 35.896318828665912
128.398976686686666 35.899926525587276
128.402474049933403 35.900477221936711
128.404147742467956 35.900518263361846
128.40677155655959 35.901423085531881
128.406377114911749 35.900739911518258
128.407128756713121 35.90072483393778
128.408390790308175 35.902948111557329
128.408926515417278 35.903178207835978
128.408961520719572 35.903779914003778
128.409695399587633 35.905688961886852
128.409928734592143 35.905893121945269
128.410165734483996 35.906545903539467
128.41091921721906 35.907080587267473
128.411197766422902 35.907780146485521
128.411607896597644 35.908055260559429
128.411790143082698 35.908521954844701
128.412121151447252 35.908801265859736
128.412485722702058 35.908845159816174
128.413004876386566 35.909173309273093
128.413195386223407 35.909723883029685
128.41361057004795 35.910228656652706
128.413828659739352 35.91124823662912
128.414295014272994 35.911547733441346
128.414823721942042 35.912354401014838
128.415458017258771 35.912396611313646
128.415758189290472 35.912615875251937
128.416220759097627 35.912579927566945
128.416473617283344 35.91267733857255
128.41672604559642 35.913200612619768
128.416488545283897 35.913704503270473
128.416623325613585 35.914567336161291
128.417541577845299 35.916100456149692
128.418294688288739 35.91663243294942
128.418343253636493 35.917164518433694
128.418012039184646 35.917800265615917
128.41798211737563 35.918244884269654
128.417949056223875 35.919150077134447
128.418123543428521 35.919338992764892
128.4182229299021 35.920239421585272
128.418092771668938 35.921291988560164
128.41883713750002 35.92142509991973
128.420268420655617 35.922104278715899
128.421398252843858 35.921934066462384
128.422189467956372 35.922489129937432
128.423126159300409 35.922862030347524
128.423466806493906 35.922792645089878
128.423782013952462 35.923114782064125
128.424000349957765 35.924094040506866
128.424558605667272 35.924651356292117
128.424726039818921 35.92506771568177
128.424515753718595 35.925446797131443
128.424360405934152 35.926505467727921
128.42466730737965 35.926921055419378
128.4249016195119 35.928040835333249
128.426500121546752 35.927240615965687
128.427544353628008 35.92733373392587
128.427723634849968 35.92766379028955
128.427450728537536 35.928012161143826
128.427915027665478 35.928603132314961
128.427799621692259 35.928853220602448
128.428627625216137 35.929407083472917
128.429422617131934 35.929582791629464
128.429865696328051 35.929972293439896
128.431036225957655 35.930526472234412
128.430971056779782 35.930680983984331
128.4314115683419 35.931230948962622
128.431950813059728 35.931503641285559
128.432792916029172 35.931275639754787
128.433007579252688 35.930992319931484
128.435733791634846 35.931397392346675
128.436023861414412 35.931671370379426
128.436424447292609 35.931625897021547
128.437185518259753 35.931846392382958
128.438333462023763 35.931538525590355
128.438745063342026 35.931519249697359
128.440130357162161 35.932530789895949
128.4411077821172 35.934944176700704
128.441561428299821 35.935206873381993
128.442379884616827 35.935282569433696
128.442804393268432 35.934828471871349
128.443971854778056 35.934782114581992
128.444338235331116 35.934846729908344
128.445435891354691 35.935333947029378
128.448350853553649 35.934790563672159
128.450338179624623 35.935041655284174
128.452777341263698 35.936617174503361
128.452802963480224 35.937401213055651
128.453789744671695 35.938893794192069
128.45347494669889 35.940065499621497
128.453881152585495 35.941716395498027
128.45383901586365 35.942338219194831
128.454051785708344 35.942554438021972
128.454155273919696 35.943149438408255
128.454828271700222 35.942877920010559
128.455414053331936 35.942830613200925
128.456072875505015 35.94216462053744
128.457798046884506 35.941570031742913
128.458204714564232 35.941222792535569
128.459866203349208 35.9414485136518
128.460784325999526 35.940958538005383
128.461862156163107 35.940199635793888
128.461977729162385 35.939980202302607
128.462349696506919 35.939937758400738
128.462637131915841 35.939728126228808
128.462710487055659 35.939226572285925
128.462866830524121 35.939001814368446
128.46276724631349 35.938828638739636
128.463034498469369 35.938536939547255
128.463432283884657 35.938693400287377
128.46538372659694 35.938792153881245
128.466349090266363 35.937964026141955
128.467851682666492 35.938516451603093
128.468204746930354 35.938404439027522
128.469039015599265 35.93869253270357
128.46928915441984 35.938718452579053
128.469428814819054 35.938575776779913
128.469630983602201 35.938614217650418
128.469836720004309 35.938305269591268
128.469819682966516 35.938087394975845
128.470996499348558 35.93785180240058
128.471662019053497 35.937445062186036
128.472445337129869 35.937368640954048
128.472760971555289 35.936668355053705
128.474173653329416 35.936558526388325
128.475309485236181 35.935946936088129
128.475838535429602 35.935473910907653
128.476418866009794 35.934439337202008
128.476459180540814 35.934080699232808
128.476318663171753 35.933513249262568
128.476564470077335 35.932971993128113
128.476643197338632 35.932050697863303
128.476180753083696 35.931575297052909
128.476059818546105 35.930234598438865
128.476296814177829 35.929906813664608
128.476063007245671 35.928645469638951
128.476172729152722 35.928213189430302
128.47535644513178 35.926417010902099
128.47452632089778 35.925700445456144
128.474410990948002 35.925083463495042
128.473988616810772 35.924391899086991
128.473636061351897 35.924216196473481
128.473612302070791 35.923886576104003
128.473264280740779 35.923214414910156
128.473308022135086 35.921833259108283
128.473177248001605 35.921444939403209
128.473364781256066 35.921203649412163
128.473763387203064 35.919923963380427
128.473520588838255 35.918843774091634
128.473497202022799 35.917996543382827
128.473970432022554 35.917417285612508
128.472755373188789 35.91443592142388
128.472103674081779 35.913769276904304
128.47137509708611 35.913240988666423
128.470946020174722 35.912700401973375
128.470113430096148 35.912106415505406
128.469415543209152 35.911911210360664
128.468720554410226 35.910844615235973
128.467889874565003 35.910690890456557
128.466622819215985 35.910192596758279
128.465960628638783 35.90950590981538
128.465399018441104 35.908590467474923
128.465856476643069 35.907904185388531
128.467339938294884 35.906423276366702
128.467601732139144 35.905294108464219
128.467161379554085 35.903814186287875
128.467555197244195 35.903029415764607
128.46760004782027 35.901607698290377
128.467909606466179 35.900663412300879
128.467754648513335 35.900218488964725
128.468379042236251 35.899470833908154
128.469098377970198 35.89901352247341
128.469712805230444 35.89810650537278
128.470774072575637 35.897879844263045
128.472014819525413 35.896509923444377
128.473294325821911 35.895498102120563
128.475269561878889 35.894457539436409
128.476266189258979 35.895168747056658
128.476763320686388 35.895364621713973
128.477410737763478 35.896062685866752
128.478255430050893 35.896527556060818
128.478476798210835 35.896824295566056
128.482590798410286 35.895204924421876
128.483260464055775 35.895367333740445
128.48365363226759 35.894792537979228
128.484619505516036 35.893930496368334
128.484489034917544 35.894342221821553
128.484844712529991 35.895154537209031
128.484882896817624 35.895518628188391
128.485123898201067 35.895867269904478
128.485419739080641 35.89595665487969
128.484945235284243 35.896529475347087
128.485706284047296 35.896546940286193
128.48657938525011 35.89640636303271
128.48726650027325 35.89683987053629
128.487513184967071 35.897180285493036
128.487450204121075 35.897238632126466
128.487854756267097 35.89755096357144
128.488930907206367 35.897850155649408
128.489474115127933 35.897568701463406
128.489907324211572 35.897732426791613
128.490616969132589 35.897579173570577
128.490897543015819 35.897138077731952
128.492006381435516 35.896329937491245
128.492544948290856 35.896147287780231
128.492725452298657 35.89560451893599
128.492503314582876 35.89509486786072
128.493232821599833 35.893727082256582
128.494163346538471 35.892420523643416
128.494721866651304 35.89078926922037
128.495969937078655 35.889949990966585
128.496357444250663 35.889227668896218
128.498967054271958 35.88991495459792
128.499299595922139 35.889637206089709
128.499136735546017 35.889948973949721
128.499363539841085 35.889876597846275
128.50012915487855 35.888434450459279
128.500273410477149 35.887811993083311
128.500335872333579 35.886448118066404
128.501494068774605 35.886765916161245
128.50224953483513 35.887069313601181
128.504050849575719 35.888563462993083
128.504588629465474 35.889151689460803
128.504160874401634 35.889590199246719
128.503911389259684 35.889456026712558
128.50479078065473 35.891380114217142
128.50417015137819 35.891427700961493
128.50450626149933 35.89254796504877
128.504402306700854 35.893236951743958
128.504847959383852 35.893725587617205
128.505338838944994 35.894903320644957
128.505334031398718 35.895673864461948
128.50582711483483 35.89652771905287
128.505272208775665 35.897620273037802
128.504572238840609 35.897941904200231
128.50476361550335 35.899240255042244
128.505951565994195 35.900543018574105
128.50574556004014 35.901637112069984
128.505492537404308 35.902203780835038
128.505093026487259 35.902364225962536
128.505039931409868 35.902850672007446
128.505735137993383 35.903299572577083
128.506029425686791 35.904071151323095
128.506722758037654 35.904804214943951
128.506967476507185 35.905535013569668
128.506913852666202 35.906102568922179
128.50731074027118 35.906387928534294
128.508100926713468 35.907607795380017
128.509046712933156 35.907814445357815
128.510080285191748 35.909927597185423
128.510779260274717 35.90976815249789
128.511274633264719 35.91029754027165
128.512220922558328 35.910382230733262
128.512963156047391 35.911277417502106
128.514158068732684 35.911566214405624
128.515158671012102 35.910921402014509
128.516897718403641 35.911861152606619
128.516895149874898 35.912235153315038
128.517570687763708 35.913476962425072
128.518617377343418 35.914122419802247
128.518824951326934 35.914550654181539
128.519920273203212 35.915836980829361
128.522068289728395 35.916828647531752
128.522850732400997 35.917771968986692
128.522633150392863 35.919010420033132
128.523101667650877 35.919738904684969
128.524410821652623 35.920470252630025
128.524563728326029 35.921240474834626
128.525450510943642 35.922312276152546
128.52565626266562 35.92303959141843
128.526970774989366 35.922873920095839
128.528227187505564 35.923647853398116
128.529043775773602 35.923694913977137
128.52916366794841 35.925248133087486
128.529966083191624 35.925852668624458
128.529955443213737 35.927656204035124
128.530350519518606 35.929024280373319
128.53128337134433 35.930394237108956
128.533088589753532 35.931931589586853
128.533287162729749 35.932479031690498
128.533411622698168 35.93417383648633
128.533609528432464 35.934775637398886
128.53402572130463 35.935474052624407
128.534087331288049 35.937319747217508
128.534788313672692 35.93847326173789
128.534521321814452 35.93868815782028
128.534245759714736 35.940485215931872
128.534239232367554 35.941564131514198
128.533882887619029 35.941994188801473
128.53351520091249 35.944366327965788
128.532802474239304 35.945226436473838
128.533414516565301 35.946451771643595
128.533046103777139 35.948895732415103
128.532065954382745 35.950114354151808
128.532406168442151 35.952417488055758
128.533974409375105 35.956523246565339
128.534846595480644 35.9584608054762
128.533338122270663 35.960718826653697
128.532842154584642 35.960918062523149
128.53044679649912 35.961378052477357
128.529518764507401 35.964862054848275
128.529019665627914 35.965530736961732
128.528835726219057 35.968749282967025
128.527333732661162 35.971560212415696
128.527902606256106 35.973037877739692
128.526650536980696 35.975447431549021
128.526895603330985 35.975850670606114
128.528950046748065 35.97719987792857
128.52894687127494 35.977736371994247
128.528279499178637 35.979008142154903
128.528353851683761 35.980349885981994
128.531240551256275 35.980562331835166
128.533639618840795 35.979565810516981
128.534219040606416 35.979232597257486
128.536115446293053 35.979441236748237
128.537282142414313 35.977500989968107
128.537944862547903 35.977034050868127
128.539185142374436 35.976569280383458
128.540422755272829 35.976573969751733
128.541003839253932 35.975972615969482
128.542823373185229 35.975241870104441
128.543486030903608 35.974774899804736
128.543735559768777 35.974440804133685
128.543576351537212 35.973434152167407
128.543660519840159 35.97316610700021
128.545657534806224 35.970222733093379
128.546242449642648 35.968950523375774
128.546162630754623 35.968480709811686
128.546415602280064 35.967543098280736
128.546340106692099 35.966335423570193
128.546673811011971 35.965665979265985
128.547751175126876 35.964798284445934
128.548581581955546 35.963862506819169
128.549164716389896 35.962858677352521
128.549332647752266 35.962322594448729
128.550569520356078 35.962461512263317
128.550901838074253 35.962060155920057
128.552059356981005 35.961594921380325
128.553380476194064 35.960693047878323
128.55355517283536 35.963690139406829
128.554521453030986 35.965079744998917
128.55561115062568 35.966172333874887
128.55572431352212 35.967756855114793
128.555475710206736 35.968646837078609
128.555711448846722 35.970033778124133
128.555952703238489 35.970430527784416
128.555821004775197 35.972211966236202
128.557522662029413 35.972812252243394
128.559955992105358 35.973217146361222
128.561664586508044 35.972530361085639
128.563488719140508 35.973032093067722
128.564707336191901 35.972937372843816
128.565677099593074 35.97373293038941
128.565670404214217 35.974920818553073
128.572837568821171 35.978312542688421
128.57430167183918 35.977822802491367
128.578561289056836 35.978432022404419
128.581242763023113 35.978045300913017
128.582337760164734 35.978247147576624
128.583314209529988 35.977854673496054
128.58322029709808 35.977280879186857
128.585097022925822 35.977957592285833
128.587363841144025 35.979393660588308
128.587986032827644 35.978975988935645
128.590155542318399 35.979235355337693
128.590874706467076 35.980077957548644
128.593041568601791 35.980841650900672
128.592925182876911 35.983361833770658
128.596123820823294 35.984548824091178
128.603504352650305 35.986013361534106
128.603359230533272 35.987987343714195
128.604810262595976 35.989420732739461
128.605989590271122 35.990815780937439
128.606509046389903 35.992083629238991
128.607693183745369 35.993113924234308
128.608643418368047 35.993596525830569
128.609002797493531 35.994639821790457
128.609578581350632 35.995077030506437
128.610218660467496 35.996102764151551
128.610052583792253 35.996747038001921
128.61085803127807 35.997093299219117
128.611030099343452 35.997511702014656
128.611564050997089 35.997662230354194
128.61182368754379 35.997955835933062
128.612515971814389 35.999296802758778
128.613632608020993 35.999538610862132
128.614494325906065 35.999974205449014
128.614909648720669 36.000407067526368
128.615716593348225 36.000977155406041
128.616651888060687 36.003641998580804
128.617485820387316 36.006737364810697
128.61815453644337 36.006694838997618
128.61866965224246 36.006411643967617
128.620523067036885 36.00601887090572
128.621265154456751 36.006090231742974
128.621882895491353 36.006029508130005
128.621990962515554 36.00624685511206
128.623597939837424 36.006394645322132
128.624037493603652 36.007464976636506
128.624455586289031 36.007656710417365
128.62505814739049 36.007751058993591
128.625404303974847 36.007561644576931
128.626098583470792 36.00785270559971
128.630581097685592 36.007120852034284
128.632429943702022 36.008139887478372
128.633874974241451 36.008549666693924
128.634846315739992 36.009030358764974
128.638811134814858 36.009242680579355
128.639959241418069 36.009571396963494
128.640641393123332 36.010511901598235
128.640865848088623 36.010572192355085
128.641344063313653 36.010417528497662
128.642856915085986 36.010299963440488
128.644357064230746 36.010538495137091
128.644719305284241 36.010474396700069
128.646303433328683 36.009683913864578
128.646986454881869 36.009545289624427
128.648491686540467 36.00881247501124
128.64896566041088 36.008388915694511
128.651010819763968 36.007306781884374
128.653090851041725 36.008065216952822
128.654191496582655 36.009455506083391
128.654932503232857 36.009372636831202
128.655753318689079 36.009543236374526
128.656554702508146 36.009861926285943
128.660633114940026 36.00990017913756
128.662907731237681 36.010262080661825
128.664179667615002 36.010111257552282
128.665436465297859 36.010510304195684
128.666722691017014 36.012142886091752
128.66763839120938 36.01265281688444
128.668473388200653 36.0128025597066
128.669523292626934 36.013265543473487
128.672835446702152 36.013168463845219
128.6736468740568 36.013382985054477
128.67745313562358 36.013246491212868
128.68008628672726 36.014816456121061
128.685214674406836 36.014358766401983
128.686504042840824 36.014488771718327
128.687083195199079 36.01412976625447
128.689049510170577 36.014879033923087
128.690371039224686 36.015557096491911
128.691793929309171 36.015494241336683
128.694272549137338 36.015851253463765
128.695596389541265 36.016165116685471
128.696041253366303 36.015573399448684