127.110849752101231 37.638408861656195
127.110903576143514 37.63826209168392
127.111599409667875 37.637989632473527
127.112082222106466 37.637132847762238
127.112229453481746 37.637096950259398
127.112483467521002 37.63648911818526
127.112213723504937 37.636284111069713
127.112251957432832 37.635564420785123
127.112548888898516 37.635251340324132
127.112347240354225 37.634756550261656
127.112407553106024 37.634251106901402
127.111602598593805 37.633848673570824
127.112203723197183 37.632642765947679
127.111632594551182 37.631503283105772
127.110825767256273 37.630781846235585
127.107025569443906 37.628048014229819
127.105906625040618 37.627594862471035
127.10596379023913 37.627330708422704
127.105402583714209 37.625727748643698
127.105015028018158 37.625265491236654
127.104914653550793 37.623981962923672
127.104328181761431 37.623270701326859
127.104066493396218 37.621653112691916
127.10490937160516 37.621567342890231
127.105662263601289 37.620416245623922
127.105556190445498 37.620370722735785
127.105564557489984 37.620156734059726
127.106436069919738 37.620558870522707
127.107085478797401 37.620465373197995
127.109128139933247 37.620514776688175
127.110018477134929 37.620704013439052
127.110519330278152 37.621054655223482
127.112143138541271 37.620307016576163
127.113505516939767 37.620037410002098
127.115021343645708 37.619537603632494
127.115715265846205 37.61963435689583
127.116203365343779 37.618933092478635
127.115873286674002 37.618583155582577
127.117147020806641 37.617888440304007
127.117009934228676 37.617368536310231
127.117255303931344 37.616734231781983
127.116671943694357 37.616015423428493
127.116796493968153 37.614954676065167
127.116675719598931 37.614672958227672
127.117061045021188 37.614144383051531
127.11724417171493 37.612628303361632
127.11748333585173 37.611771289399741
127.116788218471157 37.61028197259499
127.116878511935312 37.609509022184412
127.116698055406971 37.608849221118426
127.117262598605549 37.608652425782552
127.118032867338357 37.608173588671328
127.118477208101893 37.60761284671046
127.118061181379545 37.606591490171908
127.118047286456004 37.604602298593655
127.11737739675354 37.603937076905332
127.116872087299399 37.603052645340952
127.115722979688044 37.602108569874765
127.114964512488939 37.600766277764102
127.114082207080756 37.600120947123116
127.114022524319253 37.599966430545223
127.114064135777312 37.599520963079357
127.115489517921418 37.597654281495103
127.116877758056148 37.595497051002397
127.116664762915391 37.594016546198844
127.115413525793656 37.593530949384729
127.113337647819009 37.593259817813482
127.110675534516588 37.589155793727137
127.110430875706058 37.588071460236513
127.11015467935772 37.587430042881124
127.10998721363481 37.586016217915812
127.109380286964267 37.584560555948059
127.109376769106589 37.584092326186628
127.108966934178227 37.583379226900895
127.108437985615197 37.583237522941111
127.107810545190887 37.582875731251569
127.107241565498001 37.582314810801449
127.105994810023603 37.581936938424995
127.103440743138506 37.580595296908015
127.102894620954132 37.579906793185444
127.103025583865261 37.578906873358044
127.101957845449789 37.577552361105319
127.101733477260353 37.576966910156486
127.101143788668878 37.576070928563205
127.101248720773327 37.575166194855186
127.100902595050741 37.574391638215118
127.100935891355391 37.573355195313582
127.10166491985872 37.572400658171809
127.102238187000168 37.572155210041558
127.103129967807021 37.572279459047479
127.104230475412763 37.571387655350982
127.103853756979007 37.570493751954963
127.103455735167586 37.570050080089715
127.102386989654292 37.56563700406506
127.102234349058762 37.564310988290558
127.10184302246229 37.563822822360819
127.10162496160703 37.563290577768043
127.101667758386782 37.562632540904566
127.101204964618347 37.561579901714936
127.101122371737929 37.561050639219452
127.101277748026533 37.560465992369252
127.101801066053042 37.559567091610589
127.102341645073423 37.55915048249058
127.102706648178483 37.559019246541133
127.102853878276264 37.55870800027121
127.104276756457267 37.557563929023139
127.104929298475611 37.5564216327843
127.105403977341879 37.556335334975834
127.106396189248116 37.55646172293865
127.10668068715637 37.556817080681185
127.107144579175682 37.557106100654998
127.107519296965066 37.557606669371324
127.108543386084008 37.558245439524136
127.109528820659733 37.558554266250276
127.110350151052742 37.558253364681832
127.111422181145159 37.558515632754656
127.112297542844075 37.559000501243702
127.113863665278842 37.558429426614659
127.113566239672792 37.557962609332662
127.11331466499017 37.556830411054754
127.11525258104804 37.556759824408786
127.115645632599865 37.557699879535953
127.117339266038783 37.559463619982765
127.120096495437807 37.561199504476235
127.12295556919365 37.563489901869247
127.128610492970935 37.566160435656435
127.134266369105347 37.567953944365129
127.137665791136243 37.568424209969045
127.148949819268992 37.568434317979964
127.15498133535651 37.572043536574498
127.156899443273772 37.572954114073042
127.162555313102303 37.576730120359187
127.16674743764861 37.578975666678716
127.170251486167317 37.579016884709851
127.171837488777498 37.579262379400966
127.175106413051722 37.580266999372832
127.176518554795294 37.581034700138794
127.1771548742026 37.581200715284353
127.177142878694127 37.579858264715085
127.176988648408994 37.579416723896038
127.176537510643954 37.57893227616853
127.175415462216364 37.578299018631284
127.175327552268755 37.57723513755586
127.175498274738132 37.577020342279852
127.175763968946455 37.575660868718067
127.175683133816463 37.574899085593422
127.176131569184136 37.574088950690196
127.176943684218656 37.573294033102044
127.177387426571556 37.572523307313638
127.177819311436252 37.572058096567766
127.177839655958664 37.571463694379936
127.178321433202797 37.570707272149697
127.178654017796461 37.569768621070089
127.17921602261255 37.568918317017548
127.179496540079413 37.567730555549652
127.17946866170044 37.566270158550566
127.179665084060318 37.565279334905846
127.181185729692402 37.563016966356578
127.181995419449493 37.560992445727244
127.181984240657926 37.5596559005321
127.181553696076122 37.557553317498964
127.181683812497127 37.555995812885079
127.181392107411767 37.554921548781408
127.181495372145562 37.554331802605191
127.181340373073922 37.552965353724794
127.181703889597927 37.552508386587263
127.182933110647951 37.551753051992257
127.183119089680787 37.551081816052786
127.182844554030183 37.549429480534123
127.183076020672857 37.548632874901756
127.182676354657076 37.547875810883603
127.182724441297466 37.546704170349393
127.182825413547931 37.546344465324566
127.183794925578624 37.545574311133116
127.183539170229821 37.54517039563661
127.182846544818815 37.545579717842621
127.182744895694228 37.545514273060213
127.182202429145292 37.545724863542176
127.181692825420782 37.546444749029469
127.181256435931132 37.546579715998384
127.179331280531997 37.546567422703021
127.178417555142744 37.546279639180504
127.178292284498312 37.546316703891506
127.176793384824535 37.545754413691554
127.1767844959775 37.545432890144951
127.176637526844416 37.5453359633457
127.175981383521673 37.545636513958058
127.175717467130639 37.545208095954401
127.174314709191407 37.545297714683436
127.174137975798374 37.545712429573925
127.173615457061089 37.545539750296065
127.172107092728055 37.545534623568948
127.171065291301105 37.54512166856528
127.169763629426839 37.544805082728189
127.168822720151852 37.545148238373855
127.167949815178616 37.545059930958416
127.166978215841127 37.545202642956291
127.166746459175059 37.544818352295508
127.166893943765103 37.54427332543542
127.165298725539941 37.54439887693129
127.1651682251767 37.544632190510512
127.163487806586318 37.545015733791921
127.163162778492449 37.544991401205856
127.16248059849633 37.544141744222294
127.161262699805363 37.54294901659172
127.160310468025983 37.54162613175999
127.159723457776167 37.541356902736659
127.15957292298701 37.54098713836386
127.15910156563865 37.540725911899699
127.158247184897235 37.539750040762215
127.15765144311213 37.539270205086829
127.157174678187502 37.538441355304037
127.156940817163289 37.538370997611807
127.156941394358057 37.537967236190546
127.156788888715852 37.537658566919681
127.156540582591674 37.537446592267081
127.156032811885296 37.537342806735786
127.154526109012679 37.534869282037143
127.154021376748759 37.534514888771241
127.153816981433806 37.533971467459956
127.153566737854547 37.533665452787837
127.153933548978571 37.531919863928202
127.15372510369582 37.531562268248699
127.153376740461923 37.531330997955649
127.153325229187558 37.531034574405659
127.153539154739661 37.530437113079572
127.153128932781527 37.529948292743811
127.153290242269648 37.529468865445388
127.153163822984112 37.529109196615281
127.152779084510925 37.528802506076403
127.152686976525459 37.528529505682613
127.151637610091157 37.527704749925107
127.150402023589493 37.526372842745666
127.149868748884415 37.526207668439483
127.149455291158361 37.525750933087956
127.149595967061316 37.525293790690085
127.149476293813464 37.525020541932989
127.149235873475433 37.52482994980646
127.149008936674676 37.524119852417314
127.148595636637623 37.523561185062064
127.148598450967498 37.523191773364339
127.148179186455593 37.522922275787174
127.147829596357752 37.522392536143514
127.147797481521209 37.522149866806714
127.145665775555898 37.521932311196224
127.14564264536935 37.521581231187483
127.144785903145149 37.519624581815563
127.144855660532116 37.517747607975828
127.145091986177903 37.516835341931497
127.145434087918986 37.516428918970036
127.145439214738175 37.516065136371388
127.144603599259028 37.515606643393582
127.140614430074791 37.515589163347194
127.141209720525197 37.515044763119107
127.141668417564972 37.51489246504935
127.143429984121951 37.513880679841442
127.143363070181849 37.51345138170759
127.143528400198264 37.512657178675283
127.142884713240406 37.512733688515233
127.141439670875485 37.512400635577848
127.141278029805605 37.512152773570456
127.141105046040536 37.511127247861872
127.14122046726024 37.511046869425407
127.141217234079264 37.510823028010748
127.140946938253634 37.51039819428884
127.140343092797835 37.510225176299599
127.13993490306737 37.50852389809998
127.140309317082341 37.508304966284236
127.140347176829039 37.507751936286631
127.140884882181027 37.507437926478957
127.141516696701302 37.506708497688706
127.140812897193868 37.505978964500038
127.141044292620478 37.50564306912986
127.141048445684831 37.505407110953946
127.141131961079878 37.505464171808171
127.142122604953457 37.505076127084706
127.142233034414872 37.504884812283962
127.143424073846532 37.504414030872603
127.144103315257411 37.504396878581097
127.144547229687589 37.504216141713407
127.144873789038783 37.504030482545701
127.145126112165428 37.503556874553418
127.145203313483847 37.503641527682149
127.145277023775492 37.503556969123842
127.145416025770032 37.503614238688463
127.14558263861089 37.503416375869286
127.145502550210054 37.503306101103895
127.145952114559023 37.503227282432412
127.146239456723464 37.503229742022221
127.14634059145753 37.503351541076611
127.146542229804552 37.503358041615719
127.146509481618679 37.503237862375407
127.14686541809823 37.503260228120503
127.147194332359646 37.503384278929055
127.147694968881012 37.503212461217338
127.148053872055542 37.50357776779051
127.14860248353763 37.503723218399244
127.150204618605656 37.504742439920726
127.150824395097786 37.504061962523522
127.152109188162669 37.50297069280149
127.152500667578082 37.503092108443504
127.152844294550178 37.503055628987539
127.153230879813663 37.502679813184486
127.153954109220507 37.502664240179747
127.156438006913945 37.501859401340532
127.15772928704466 37.503179347480085
127.158866165534604 37.502390591105247
127.159396947626675 37.501363033766495
127.160504316560946 37.501094907746676
127.161390352955877 37.500201444046219
127.161431136832832 37.50002287506036
127.161354479125507 37.499537855504563
127.160633031395292 37.498549694700905
127.160566609329436 37.497555307924685
127.159779476838139 37.49682402454912
127.160026264031075 37.494374951003074
127.159652009066861 37.493434755446984
127.159007372496575 37.492891629494927
127.158650916891574 37.492426971092961
127.158287195682732 37.491276140065345
127.158235444562706 37.490612289156878
127.157413513158403 37.490000130158933
127.156412623760446 37.489570092341005
127.155658146513275 37.488931648460778
127.155205161895367 37.488332236124805
127.154780633252145 37.487307044637205
127.154547523937012 37.4870936464511
127.153925158950074 37.486944102295901
127.152178065558033 37.486235958154573
127.151228266485006 37.485512419765136
127.150754138570761 37.484742393537459
127.150805843566147 37.484350663450606
127.151030123149454 37.48395506617581
127.150514444463326 37.483065420314098
127.150502568688395 37.482511599215542
127.150675412694014 37.482018650999798
127.149194243602366 37.480814855522198
127.14888837412046 37.480056143849282
127.14781652763557 37.478655579479984
127.146787058457875 37.477861149463081
127.144375761811773 37.476448389707244
127.143921192072554 37.475855971989624
127.143174043178419 37.475323864674756
127.142313793874038 37.47494591334187
127.141398364105981 37.474721750540994
127.140971494354858 37.474471100378423
127.139677071609782 37.474188516840748
127.139329867250993 37.47374264631145
127.139363574058748 37.473438518353404
127.138004337369196 37.473726444428337
127.13556644969259 37.474569428612988
127.134409523125584 37.475104858612156
127.133921447929964 37.4755981379923
127.133663152668177 37.475678110461189
127.132540430095915 37.475792264977549
127.131483681263404 37.475547629724176
127.130230141764869 37.475093995128688
127.130342461895367 37.474464010667482
127.130192396923277 37.472656268578767
127.130404647859976 37.471888211726046
127.131814420006307 37.471109271586741
127.132293710073426 37.470955004393851
127.132919437495289 37.470504375898379
127.133988378434552 37.470085053603142
127.135425615199352 37.469286324877061
127.134349231449647 37.468887162415953
127.133850298403843 37.468508454615296
127.131923018936718 37.468036164908057
127.130667929772713 37.468049652213949
127.130129073637065 37.467756565783631
127.128123452348447 37.468254284778467
127.127033586194869 37.468413680094699
127.125203066325881 37.469620144561986
127.124878393069494 37.469597678252065
127.125168255164098 37.468751838034734
127.12519942153817 37.467833630202875
127.125072348871896 37.467678898873686
127.125047996415987 37.46726502920604
127.124488146180539 37.466643920566312
127.123767021680223 37.466333823040792
127.122180049385335 37.46522271595606
127.121859355747233 37.465138852337816
127.121439365316306 37.464372299725646
127.1207457321904 37.463891811977064
127.117474849294751 37.462200610817462
127.116989293169155 37.46148450979797
127.116896093106476 37.458640524762679
127.115892910147622 37.458591945833057
127.11549606692607 37.458697918284152
127.115148527225358 37.459060060046575
127.113955363304399 37.459516766948326
127.113271115463562 37.460054919414922
127.113233412903128 37.460353411925489
127.112763010099798 37.460530397616417
127.11329187701817 37.460836809629896
127.113333925126113 37.461087644936626
127.112974954746036 37.461134719717428
127.11222985346069 37.461505388880298
127.109891099907685 37.461941454585087
127.109459182716279 37.461870894915961
127.10815354685711 37.462274431982401
127.107301786301093 37.462180873164677
127.106880128728321 37.462369901458388
127.106167366127963 37.462406854600758
127.105608253158778 37.462178438431202
127.104341229330785 37.462174754837619
127.104780309037352 37.461160183265832
127.104472302998829 37.461029527349893
127.104023415497949 37.46055744931116
127.10394166023363 37.460050992582772
127.103442878848654 37.45975183076753
127.102691904797226 37.459724328205382
127.10263417204105 37.459867404371664
127.101852654873781 37.459177962851903
127.101381192844471 37.458972816025714
127.101164807283979 37.458540516760642
127.101277798891076 37.458241683601734
127.100765888677003 37.457759798973285
127.099738773978245 37.457354637396683
127.09909570557889 37.456218777294346
127.098893194602056 37.456116175740384
127.09823746006316 37.456371247376751
127.096365316930758 37.456346860426791
127.095769337812882 37.456519654223101
127.095222781505328 37.456394227792437
127.095213864877124 37.456321307192624
127.093773575120522 37.456077764084895
127.093540415002465 37.455888455895675
127.093142575034292 37.454905820406331
127.093217582666426 37.454715993143203
127.092725511752107 37.45363404133878
127.091882257828757 37.453466876429772
127.091128842759929 37.452955841185258
127.090959110332534 37.452782535505939
127.090302866338675 37.451266800440237
127.090140567008447 37.451095729825688
127.089619572089859 37.450886915309603
127.089542792145181 37.450166167023411
127.088821134443108 37.449749706913032
127.088959591977513 37.449461851917818
127.088432140997512 37.448994843365412
127.088326818581237 37.448627760347804
127.088642405226693 37.447597002972877
127.088369358875866 37.447240458991566
127.088276925159263 37.446554355783533
127.088386577344039 37.446397724937967
127.088237822411415 37.446178493371917
127.088161339451631 37.445385384314683
127.087855126111705 37.444894271277981
127.087476802213217 37.444802194500852
127.08642135277853 37.444262640336589
127.08570306442202 37.444417163386078
127.083861954348663 37.443921789125582
127.083805078134304 37.443416697871129
127.083334734054091 37.442957511168323
127.083208064442687 37.442568471794274
127.082431872652577 37.441579869986526
127.082097393330699 37.441351187813495
127.081250175534819 37.441118906195726
127.080700745219232 37.441151378081393
127.080171654003607 37.441051495831658
127.079575396723328 37.441386948132212
127.07908340462815 37.441299145026527
127.078530680853319 37.441557977726873
127.078178960692242 37.441552015907142
127.077748461187895 37.441863421725955
127.077358541562447 37.441631383992551
127.077078004959688 37.441651277489939
127.076721455150363 37.441937853349621
127.076010630110986 37.442139337719645
127.075242908542364 37.44194216522272
127.074756040588596 37.44221923872405
127.073853083163641 37.442213037206322
127.072993372457205 37.442017591383589
127.072138499774894 37.442263070035075
127.07162594516835 37.441523981833875
127.071861372154217 37.441029702468441
127.07221171579387 37.439382901816948
127.072007826201727 37.438856771662785
127.073760192159511 37.437789434439239
127.073843509753075 37.437407860349666
127.073024228010127 37.436406833101444
127.071688751777899 37.435981059955957
127.071439527753498 37.435863519330312
127.071272090056056 37.435601476917476
127.071545989879709 37.434529115262812
127.071519820713647 37.434116919773167
127.070730816194157 37.432940721636051
127.070571091715891 37.432416824060795
127.070629003665957 37.432044555678729
127.070960060662827 37.431696346878425
127.071206753228239 37.430817718615344
127.071169664560529 37.430420458351847
127.070905172469395 37.430191415555917
127.070334868565268 37.430479502896361
127.070032498445997 37.430910478701065
127.069873676834561 37.430972235967523
127.069911347002957 37.430863245802811
127.069615428326557 37.430611692370604
127.068964194284263 37.430432432644743
127.068270263670456 37.430679477094138
127.067829915797716 37.430406611783894
127.066700366324113 37.430128764622069
127.065961406553598 37.42953281816763
127.065681658408934 37.428985318735165
127.065073669103711 37.428987062020013
127.064669032872885 37.429171986380268
127.064385648172092 37.42911357190421
127.063316198699013 37.429751598343749
127.062880825751094 37.429703395633581
127.061144989668037 37.42998528365495
127.059961346195422 37.429568877744657
127.059057376202176 37.429663648743251
127.058069929714918 37.430010734774726
127.053684396983016 37.428974616675582
127.052324620955218 37.428297478015445
127.052169482568956 37.428339775893456
127.051359064309096 37.429198340566799
127.050193510409187 37.429902171617471
127.049865227606887 37.430309734864558
127.049579749975393 37.430270142784501
127.047369237228395 37.430701821650494
127.047224754585798 37.432040442210678
127.046536432959954 37.432650852132021
127.046311644899802 37.433447204202572
127.045905606215854 37.433481425845713
127.044626180078353 37.43406867990597
127.044364381803391 37.434423547935516
127.044185729468168 37.435055454241216
127.042646237893891 37.436372309926561
127.041442904637975 37.437109585761633
127.041140444894523 37.437414902620958
127.041090314604475 37.437769124546904
127.040052775304332 37.438237145502299
127.03903241379291 37.438151318975549
127.038437347261919 37.438360702786106
127.037067763903138 37.438274968379822
127.036322754662564 37.438778348206476
127.035573724546921 37.439004097182377
127.035579204365504 37.43940363981072
127.03532026546219 37.439966564713323
127.035171861142601 37.440941948013112
127.036654451175352 37.442080164960309
127.036974778100799 37.442896885735315
127.037482937950614 37.443266705887574
127.037567964100802 37.443837971650311
127.037934860263405 37.444178836590289
127.03823039487574 37.44518026957698
127.038205660376775 37.445858851785921
127.037351254262646 37.446300886617848
127.037254026043925 37.4464484563944
127.037531513534788 37.447361488429266
127.037159241421165 37.448010325793987
127.037374756700316 37.44856437964247
127.037811965596788 37.448922396934293
127.03774439866794 37.449418818536991
127.037295635716291 37.450009961329322
127.036913529922884 37.450808025351598
127.036409701989768 37.451496877235044
127.036076733139282 37.451663102429158
127.035776421801472 37.452195908964548
127.035371338811998 37.452226715444617
127.034754687819273 37.45261742245409
127.03482359738048 37.453106197917165
127.035469193412894 37.453437412956383
127.03558815755558 37.454087509318704
127.036267405899878 37.454262170021465
127.036424933772594 37.454650681807735
127.037127699167002 37.455207680660685
127.036849662175769 37.455822988740152
127.036740648234456 37.456443867220308
127.035763292668605 37.457481437492255
127.035016099100176 37.457893581840878
127.034924220801415 37.46017540485029
127.034504200389406 37.460064581635734
127.034315841635575 37.460252159551445
127.03401297906521 37.460300383957929
127.033732221985005 37.461236946821991
127.033956948075797 37.46222911604827
127.03453266394348 37.463335219477067
127.034693387430934 37.464154808913641
127.033479713523903 37.464635776179541
127.033140586994378 37.465017388448402
127.0319217635097 37.465518883247846
127.031195544513807 37.465626060563196
127.030166278461678 37.465362212180423
127.029527274354791 37.465374475943186
127.0295106828912 37.464470096481207
127.029694333440929 37.463905520804779
127.029606146647666 37.463275397083372
127.029316286249539 37.462701353898041
127.028043093005095 37.46124511865586
127.028156965829282 37.460621995107239
127.028461787671489 37.460131436048009
127.028361920552612 37.45989353912325
127.026572283249777 37.459641651295549
127.026401266994057 37.45945444835062
127.026445043944065 37.458336627117383
127.026346780819949 37.458104359048683
127.025995415857622 37.457816957760478
127.025277614444164 37.457493868540865
127.024125979526374 37.457446502779078
127.02371252103147 37.457319035545844
127.022792764955611 37.45725050260895
127.022203271972728 37.456616245357687
127.02169546632048 37.456315055605444
127.021347720904075 37.456196578021711
127.020365825481335 37.456158166994356
127.019692009022791 37.45578660785867
127.019060489104945 37.455748977926106
127.017545375563557 37.456135210216019
127.016946321837779 37.455969731238888
127.016287990613918 37.455229585014578
127.015574845718248 37.4549160137163
127.014509615489828 37.454861227307504
127.013386717600454 37.4553476097716
127.012372561792588 37.455548740364499
127.011151031347424 37.455446914244511
127.011150841833711 37.455381879743626
127.010823266151391 37.455423011206975
127.010584247241255 37.456168890674071
127.00990760298248 37.456875391840178
127.00923267136919 37.457220910755744
127.008710868721693 37.45776493353258
127.008531649313269 37.458051571954677
127.008577424118144 37.458411414059128
127.008327531470613 37.458491672371942
127.008217706773124 37.458773241070929
127.008214028155081 37.459099856963185
127.008020654506979 37.459162937034122
127.007876046036571 37.459544746250387
127.00726945031677 37.460141414427717
127.00704092369935 37.460215469207434
127.006024291826336 37.461824932045737
127.006157469972862 37.461888277702634
127.005769480698262 37.462548276584016
127.005329199252472 37.462794950808636
127.004968755754049 37.4631868994542
127.004748368908238 37.463836187252468
127.004469669582548 37.4640732761058
127.004805452700708 37.464880504328171
127.004683601447979 37.465172206621808
127.004905465305271 37.465842602048653
127.004488839762786 37.466328316314453
127.004524534284343 37.466797685252011
127.003675356575684 37.467720386822705
127.00273482076382 37.467124610701333
127.001962796932915 37.467087449866398
127.001485916972484 37.46732311783807
127.000476862989984 37.467062948551991
126.998779505822043 37.46723411197344
126.997801908576506 37.46702262807149
126.99742674351576 37.467242234930389
126.996751874933054 37.467072433479103
126.996231045132262 37.466608395709734
126.996524278895166 37.465917445790495
126.996455239978033 37.465685434707879
126.99664318169043 37.465427529893184
126.99661920330955 37.464778526253475
126.997193594197128 37.464184164748225
126.997370770258684 37.463687491951255
126.99698490344133 37.463158985581387
126.996768627226459 37.46187335142556
126.994289930795347 37.461421318124138
126.993354412789188 37.461495870480952
126.992895120044622 37.460947917643878
126.992655182989907 37.460343938705087
126.992027834615641 37.460546336321393
126.991698471465583 37.460519000379151
126.99133205958276 37.460136042611644
126.989994537256024 37.459462976709069
126.98949912830679 37.458522792376257
126.986781067502591 37.457403264825253
126.986612632504787 37.457212338551223
126.985263942696008 37.457181752535966
126.984903358022635 37.457042613416178
126.984387842158597 37.457105609647883
126.982888227419537 37.456826919566602
126.981903651039644 37.456935717225726
126.982398045464294 37.455891200405517
126.979790477111436 37.455647199148785
126.978477463711499 37.455734798727612
126.97775711718063 37.455199117140488
126.974579559978352 37.454412875682507
126.973371567726446 37.453237627856169
126.972843534405243 37.45238238345204
126.971752824756621 37.451737335796125
126.970569392059843 37.449452701425813
126.967662977159705 37.448380544526621
126.964289766308696 37.446267236828568
126.963933616359526 37.445214630542296
126.964419277748306 37.444312651923838
126.964303004263826 37.443770325143262
126.964381646283243 37.44257707439013
126.964634038845574 37.442039646735154
126.963784263902312 37.441286758635904
126.963803407581295 37.4407869860568
126.962942927590362 37.440280458092587
126.960055912918122 37.44040054988244
126.959542534251312 37.439978580143361
126.95896605517521 37.439069769646153
126.956368198309036 37.438754011799858
126.95510885631451 37.438692147672477
126.95390418065584 37.439009552740799
126.95241109159987 37.439190271187485
126.951158386494498 37.438444159219799
126.950925305388594 37.438733788405443
126.95003271223753 37.438621622719275
126.949843077478192 37.438379673439862
126.949284198985396 37.43825019636553
126.948765905077082 37.438645843274735
126.948363125852012 37.438712678372092
126.946789349609659 37.43816713084194
126.945676270415277 37.437305300019005
126.94509063737182 37.437088221479904
126.941979616014009 37.437505655387682
126.941424430320055 37.437404299325848
126.940530394056012 37.436280391736432
126.940426794789133 37.435801957752105
126.94022030658931 37.435712316261785
126.939364304310118 37.436025817683351
126.938621908454181 37.436028515152557
126.938574801607757 37.436420428657101
126.938012542746051 37.437189364430253
126.937746659617915 37.437385758741364
126.937744465501424 37.437879059565496
126.937562942697411 37.4383269329524
126.937272961156978 37.438632270864041
126.937247389483034 37.439212838816289
126.937693859726039 37.439684426946485
126.937864332916718 37.440197534010395
126.93664720061993 37.44174575939256
126.935985980217836 37.44214155852773
126.935643407188493 37.4421779660711
126.934895615834137 37.443212299509831
126.93456421457347 37.443196624114108
126.931749846165943 37.444976171483084
126.930554345604691 37.445468481810742
126.93016343961132 37.446377984096515
126.93036824854299 37.447697514129707
126.930166293468034 37.448384130708163
126.92928641690547 37.44947212940211
126.92899189644271 37.449633841099541
126.928910800280988 37.449865522609727
126.928398718122139 37.450212660573015
126.928279657590238 37.449352685768247
126.927744799563683 37.448977875777373
126.926517794888554 37.448390603766775
126.92601753355892 37.447701582111335
126.924982134461075 37.446781600908302
126.923253274190046 37.445772746550531
126.922897229419476 37.445173349445803
126.922946619925895 37.444872951589922
126.922762808520659 37.44404108181233
126.922358461570795 37.443704060404656
126.921657378190162 37.442805960615814
126.921169452338447 37.442546032683289
126.920274744790589 37.440466344568833
126.91926389388388 37.439852393962632
126.917857268916137 37.440149585484853
126.916124794479899 37.440053182193267
126.914829626587419 37.439379015977764
126.913891652046516 37.439307081974107
126.913190085064684 37.439095391149742
126.912808801218588 37.438720340534601
126.912308789942003 37.438579460049027
126.911801979531717 37.437765926321731
126.911431922962393 37.437623168539403
126.911203084193133 37.437201214529544
126.911333551245377 37.436171343775079
126.910678305969455 37.435498185453007
126.910028623412558 37.434324120783849
126.909395917261833 37.433860448958526
126.908549601426117 37.433681556467732
126.907933758619805 37.43372471666143
126.907253972712979 37.433517790865437
126.906470258475409 37.433813370817695
126.906368010265453 37.433702066702523
126.906105639939597 37.433994683406226
126.904818443732424 37.433994484496608
126.903525910670979 37.434161791918719
126.90298757176032 37.434067585432878
126.902789441064215 37.434775557446152
126.902750592797432 37.435861520862701
126.900849228450554 37.436984203442051
126.900337104238787 37.437733016716898
126.899144614660955 37.438668193000233
126.898977910560504 37.438701825976572
126.898805214079871 37.439350122097764
126.899281346335428 37.439643930083761
126.899925914180983 37.439556359433062
126.89935793772608 37.440849382035218
126.898998872626876 37.441178786080506
126.898778921349731 37.442059329718703
126.897269195021764 37.445436776197894
126.896764179854458 37.445704378806916
126.895782352264035 37.445633396896149
126.895505462138971 37.445778157972221
126.8953097341318 37.446209897267536
126.89465006823545 37.446698097451645
126.89472608699262 37.447630709374515
126.895003522751566 37.448222523275412
126.895234808408674 37.448374497441861
126.895580792334684 37.448334262524433
126.896049835911924 37.448042982359468
126.893982998436627 37.452717339439445
126.893613946683601 37.45282343142599
126.893254500481092 37.452762851769933
126.892759516789155 37.452039339773982
126.892588165496463 37.451949082341407
126.891963764710198 37.452304402193569
126.891048601339037 37.452242453429704
126.890209765624377 37.452504083989218
126.889849509248307 37.452277365830504
126.889642134831902 37.452315462703496
126.889503657660342 37.452701070407528
126.889652769576259 37.453598558844106
126.889517422296322 37.453770468269276
126.889085171479593 37.453971659001184
126.889021488447966 37.454166999327029
126.889264890854264 37.454482292690415
126.889203248846442 37.454723830650074
126.888764171151763 37.454765642624793
126.888341098575438 37.45508959977618
126.888016656680449 37.455578652950443
126.887241508286223 37.455503562307101
126.886264680058929 37.456362515256679
126.885869144008382 37.457588342867858
126.886321864130423 37.458450929122677
126.886337161008242 37.458957201301878
126.886103520370554 37.459297380940754
126.885376522887668 37.459469266399516
126.885443675010549 37.460124531988058
126.886128082973158 37.460899788358212
126.887473596735234 37.461065526501066
126.888335867094753 37.460780846025756
126.888630614384354 37.460788174234757
126.888875516653371 37.460946920843512
126.887121804031352 37.462904362279211
126.886244912373712 37.462798200794907
126.885141231356357 37.462467972456004
126.884317111043231 37.462723944997613
126.883782145170926 37.463181520049019
126.882745615663453 37.464390926824983
126.882873473216918 37.464961498575541
126.883147501475634 37.465128459886841
126.884344811181933 37.465457392388124
126.884574294154632 37.465648235026926
126.884617527828908 37.466012339016231
126.88424971011419 37.466529770595834
126.883276004648735 37.466856540303418
126.883014094943377 37.467064356988914
126.882529824991067 37.467933896136159
126.88163120759593 37.468459236994136
126.88144682725806 37.468995994735785
126.881592939959447 37.469416794136173
126.880204472174796 37.470934970997575
126.878011414299166 37.473827738261832
126.875985712790111 37.477103835599749
126.874198851655962 37.480479561964593
126.873379013646556 37.482433559243233
126.873189007891568 37.482283562568362
126.872971386212086 37.482270378373705
126.872744296485664 37.482424995614835
126.872786634485095 37.483488779823588
126.873297414150358 37.48418113310975
126.87278352693852 37.484370351653091
126.872208380719201 37.484433353693362
126.871797193315174 37.484997433307264
126.871762623183116 37.485269388311139
126.872444696317444 37.486110040299067
126.872895323503244 37.48625187073835
126.873300330827362 37.485988201070093
126.873813105971678 37.485321736163996
126.874125848300011 37.485189176526681
126.874420909944618 37.485273683271579
126.874778157668246 37.485573091892348
126.875022621065739 37.486014275538764
126.874998321735916 37.486490933056501
126.875139161285531 37.48679236103046
126.875362989547682 37.486901278102643
126.875974257441342 37.486911226737668
126.876261853542218 37.487239551445867
126.876688734024768 37.48785269222104
126.876790354436523 37.488570778915467
126.876382147966183 37.488941163593871
126.876043468355391 37.489047238590885
126.875816823872526 37.489028131444599
126.875189450478857 37.488507134904246
126.874716014856105 37.488577302342222
126.874494874594376 37.48886115805432
126.87434416229253 37.488860149292314
126.873730583945957 37.488644940819917
126.873269527359511 37.488298106855474
126.873077747330342 37.488252857818154
126.872748471846165 37.488430733931757
126.872639929466445 37.488981351890352
126.872413716076437 37.489330802161284
126.872440397864153 37.489535527740323
126.872839221728569 37.490014339485207
126.873368436543728 37.490386578558542
126.873752737077055 37.490475679750134
126.873933216833521 37.490428861372955
126.874090641285278 37.490214475237295
126.874110470345471 37.489777232642481
126.874322439764086 37.489695524825144
126.874579194152162 37.4897692864538
126.874651239864775 37.489898873304284
126.874453699449589 37.490426871854773
126.874839559554033 37.490745464365645
126.874130073088011 37.491337668688594
126.873768427189205 37.49122239968802
126.873297692609285 37.490845443266075
126.872716985860421 37.490819475898533
126.87225463561731 37.490602443442171
126.871834026617748 37.490775712621527
126.871567964169586 37.490761337897183
126.871472903598729 37.490565832984508
126.87154776508271 37.490085287058598
126.871342374534166 37.489833626782421
126.870658212660757 37.489560877381841
126.870228124381981 37.489596161326453
126.870125374655075 37.489757100270239
126.87023340400728 37.490112836829709
126.869680378907134 37.490430949713954
126.869993119254531 37.491024262837406
126.869799444045668 37.491346155889566
126.869345918137128 37.491636491898213
126.869298194340729 37.491851830307859
126.86946292857867 37.492112755464468
126.870022396453365 37.492262044036607
126.870013531079039 37.49248137381047
126.869455192855071 37.492595349285097
126.869368924368814 37.492717445700215
126.869580441427004 37.493106805790774
126.870066895978027 37.493485768035299
126.870016591664111 37.493657180541682
126.869800220394467 37.493815741091439
126.869502676073495 37.494328402345616
126.868348926534068 37.495107894474508
126.867990506516222 37.495061593105369
126.867588627236927 37.494815894952218
126.867588927316049 37.494646678294544
126.866786783498299 37.494242569913901
126.867035723254034 37.493954533536453
126.867627268171844 37.494251129868829
126.867780770823401 37.494075888316132
126.867764687770318 37.493582275576081
126.867159486321114 37.492921625384326
126.866602099297694 37.492891987106006
126.866686074467083 37.492663454283154
126.866204808281424 37.492555342764675
126.865404039588043 37.491508136680309
126.865053625118421 37.491541240706994
126.864555446545467 37.491021184992498
126.864518193619972 37.491203025671467
126.864030000298996 37.491019448462509
126.862811087722562 37.490828237733645
126.861950483529512 37.490447975347422
126.861384424165664 37.489968081295608
126.857971032226885 37.486084621039609
126.857449172385913 37.485794538410808
126.856423095644033 37.485702057235592
126.855729710960858 37.485498181207156
126.85516502797158 37.485170871073855
126.853864052750424 37.482838489053293
126.853637111888531 37.482621687380387
126.853155362529847 37.482622209191547
126.852958671490953 37.48247750467732
126.85312842007896 37.482307384282457
126.852700466897772 37.481818620991362
126.851667829817856 37.481588685972795
126.850701817770471 37.481525513722289
126.848134170385464 37.482097154489729
126.847015765959185 37.481910137743668
126.846517176043463 37.481598936296059
126.845986780250641 37.48069554456994
126.845360551116585 37.473812465030747
126.844955165908587 37.473472376241602
126.844819998573271 37.473745308943634
126.844490955704785 37.473979979643723
126.844249788572 37.47459994546189
126.84404832751791 37.474472969228493
126.843535570973074 37.474540427082793
126.843112000708786 37.474869852944785
126.842781643658469 37.474971617204694
126.840825292406095 37.474657560963223
126.840108607315912 37.47476329867898
126.839567697614967 37.475191940926955
126.839234253124914 37.475165579319125
126.838300736589844 37.475392075386416
126.83720472416627 37.474881211665256
126.836179651169999 37.474808826981928
126.835725027393337 37.474383873611941
126.834640158253734 37.474362641614128
126.834613592589108 37.474870264280327
126.8348720036484 37.475751060873577
126.834079508547859 37.476415284864864
126.833932247760472 37.476784206455569
126.833480082891811 37.477155777991776
126.831748170540735 37.47765140269339
126.830457591311571 37.477339534482468
126.829621642473896 37.476895694044629
126.829536838836987 37.476595997858446
126.829204419702634 37.476195694297587
126.827872119727459 37.475989612082124
126.826117851052857 37.47622156153956
126.82417304720046 37.476194728150816
126.823950703450777 37.476472848886509
126.823654217307393 37.476131446100752
126.823148341701142 37.476121953020943
126.823180369923875 37.475945729376534
126.822947846993102 37.475967911385986
126.822107375344387 37.47574843482974
126.821913467392108 37.475286079726224
126.821717547217929 37.475220468545743
126.821779497971889 37.476203500087536
126.821236463517323 37.476211682756691
126.821069499893099 37.476303781199121
126.820061263332832 37.476204524049749
126.819423448796371 37.47632800744227
126.81914323897162 37.47620593989744
126.819055914870574 37.475936910407029
126.819069298471263 37.475449813128776
126.819412645523713 37.475179492743599
126.818821595900829 37.475326966105406
126.818807312327195 37.475240223634238
126.818321230722546 37.475299161646369
126.818632626369279 37.474080760514873
126.81791836433797 37.473689122157005
126.817640497340136 37.473187787315815
126.817076254009621 37.473287992242611
126.816953054222708 37.473678887686575
126.816562427152647 37.473994195458381
126.8154734856777 37.474050483700225
126.814628545045366 37.474649441920668
126.814964868683148 37.47586011823293
126.815295533323138 37.476362118829783
126.8161087373947 37.476744917315159
126.816071879162067 37.477080463595776
126.816411496574474 37.477537147001037
126.817210431575987 37.478135587622603
126.818256294878069 37.478164225737899
126.819367363234718 37.479863502540127
126.819577976108846 37.480792685650371
126.819986458119701 37.481644208787479
126.819962716565939 37.481891389069986
126.819555424362093 37.482516959135154
126.819390611302424 37.48330930464023
126.819573339651399 37.48365224561168
126.819307582406381 37.484183147019856
126.819491557500342 37.484808499559776
126.819289959465522 37.485475208094698
126.821292028515316 37.486177400371396
126.821636788326003 37.486515512652907
126.822390660432518 37.486723329754049
126.822482947151485 37.486921687793739
126.823587120347867 37.487742419300766
126.823010736655334 37.488150377839858
126.823047066850563 37.489291044868793
126.822762393513742 37.489979311607193
126.821512972677283 37.490329650859799
126.820931980824966 37.490577386190083
126.820963053973685 37.490666686591332
126.820793766552839 37.490527321531268
126.820976170873763 37.490793412766095
126.820209664838927 37.490748595064971
126.81952747300258 37.491052760454188
126.819248389807527 37.491314466136878
126.818574110713911 37.491559225497795
126.817889347568368 37.491535638624342
126.815872668301182 37.492626073688818
126.815488373222635 37.493201532440651
126.814574934215642 37.493193333590973
126.814317683743013 37.493758879158783
126.814352772252903 37.494425095924335
126.813867456892396 37.494898205998027
126.813012398686041 37.496400656547316
126.813247442283668 37.496733851472406
126.814036601878755 37.497351711811355
126.81413961894917 37.498126463224345
126.814282918508724 37.498268039212078
126.814642458969203 37.498002246397633
126.815141962195639 37.498009514754067
126.815772255626797 37.49764419788589
126.81609666349722 37.497643859400604
126.81758266185895 37.498227326894501
126.818208572387917 37.498855897359697
126.818912445785486 37.498748868424535
126.819640204245474 37.499210625595595
126.819466885325397 37.499783889701959
126.819415319715461 37.500788998376464
126.820000410723239 37.501434390488441
126.821564452668724 37.502156455725505
126.821563546671896 37.502902029182863
126.821976251693243 37.503895726635363
126.8218269892688 37.504537739283769
126.822020064882793 37.505080884658014
126.822378871163522 37.505347790850493
126.822550537656795 37.505685077745227
126.822491217450633 37.506102248082804
126.822361923453158 37.50622566914663
126.822222891313587 37.50768732473319
126.822638941144035 37.50773948358087
126.823591916906935 37.508137909506914
126.824457385263187 37.508258042483313
126.82627359126279 37.508768111080173
126.826988512532182 37.508503101775183
126.827049410974837 37.509215820947304
126.826606179367516 37.509450828733847
126.826416555028842 37.509449144015946
126.826680416198428 37.509671404662441
126.827074854221806 37.510359565025588
126.824060161436876 37.510481212667415
126.823856701883813 37.510875084118879
126.824147071028918 37.512440443151931
126.824408125088283 37.513176552043696
126.824255734454709 37.514467566309456
126.823401310023911 37.514953377538973
126.823104555261295 37.516220241819518
126.82449619347183 37.517715726744321
126.825617386463463 37.520079979555966
126.825654397606058 37.521030025157202
126.825589242045709 37.521752129815766
126.825480359345363 37.52175252631573
126.825660754781666 37.522235115857526
126.825195785918424 37.5228082383477
126.82516285149255 37.523055115150562
126.825820794890035 37.523708199020874
126.826506932202605 37.524932317449966
126.827959031743376 37.525688195534812
126.828148899295826 37.525832633055551
126.828258639512939 37.526299906038901
126.8288374019657 37.526515865747847
126.828427763038945 37.526702780176691
126.827939177700571 37.528003152627427
126.827875054836767 37.528364869321223
126.828213974458677 37.5290292816495
126.827069754245798 37.529708695151562
126.82555838642817 37.529846944236844
126.825312589805151 37.529958922538526
126.824735506970299 37.530600297097791
126.824578841228885 37.531216963769843
126.823961023783298 37.531811258241987
126.823430728953994 37.532616569777502
126.823552805990033 37.533763266543772
126.822702866859942 37.533754657772178
126.822622952770303 37.534201095250637
126.821868003697432 37.534903002228731
126.822434032376492 37.536543100409332
126.822321825885737 37.537923979992335
126.821590568750224 37.53971190436458
126.822121298158436 37.540677897968578
126.819319791293552 37.540743995102538
126.816312411592236 37.540551801879076
126.812334210194749 37.540736677855499
126.810560013164491 37.541515142594172
126.808652727327214 37.542880144254518
126.806871792546247 37.543900693797383
126.806240694941437 37.544407585780448
126.80621622445112 37.544301678371404
126.807324865538291 37.543590597400524
126.806805936940776 37.543595653438722
126.805262330508143 37.543297464687377
126.804411512915593 37.543246774088985
126.801849994434946 37.542715950068484
126.800469420144751 37.541770386208086
126.79965311030054 37.541388324710496
126.800546073226357 37.541469252975219
126.800661677266561 37.541280240888149
126.800300379108208 37.54118670810405
126.800333083399423 37.540856776244027
126.80078218457912 37.541043369469641
126.800814622180042 37.540812266179493
126.799273618341275 37.540631970512152
126.799362144273516 37.540193736425714
126.798861542496525 37.540292546306745
126.798736318714106 37.539398663866535
126.79924277385183 37.539287754859984
126.79942665168322 37.539019178505434
126.799442392787086 37.538887995087492
126.79914607595984 37.538891145628824
126.799462319575596 37.537725750160341
126.799287825412009 37.53772657706569
126.799088141261208 37.537565183484496
126.798254197801171 37.537705097973273
126.798349835087151 37.537252236215977
126.798167893486408 37.537325128539827
126.797810113258876 37.537048293743588
126.797006403670494 37.53706014134886
126.796617370416811 37.536774248141917
126.796041997658293 37.536749598030347
126.794425171221022 37.535828888632999
126.793963399980868 37.537360321170638
126.794039793454616 37.537993969784203
126.79422336401754 37.538291899100862
126.793936540795272 37.53901726190211
126.793935947038946 37.53942354426129
126.793885030865795 37.539549593391598
126.79326245968241 37.53970279244534
126.794091028687674 37.540174738092908
126.794376395144909 37.540234082533011
126.794405145879921 37.540446993002199
126.794888790256763 37.541050943991465
126.794944478103929 37.541372021130243
126.793017465871642 37.541594439685589
126.791810125781979 37.541902865605948
126.791535957559731 37.542831245664473
126.791777014026039 37.543310037237823
126.791819276436058 37.543746253345347
126.791233924487713 37.54373113063059
126.790759966308585 37.543839818134735
126.78938548594499 37.544462978884148
126.788192521822182 37.545165854185342
126.787731357489676 37.545741932721263
126.787260796376231 37.546076420199505
126.786946336396099 37.545983776823647
126.78548194458476 37.546004758797544
126.784475034337575 37.546120607076254
126.783394880787966 37.546008525811764
126.782038348120835 37.546327549560068
126.781836306146005 37.546068705299291
126.780485940419311 37.546392793969979
126.779215088437994 37.546549487681311
126.778747121518009 37.546713037084395
126.777563016361924 37.546711923917741
126.776743609406793 37.548204324834629
126.77529336020406 37.548971621791686
126.772580426178109 37.548753246193556
126.771957072041062 37.548377567227384
126.771551819733816 37.548317926377031
126.771351584938657 37.548629502834892
126.770992831629499 37.548745652547595
126.771006625887793 37.549028644892189
126.770843494297708 37.549350428944102
126.770267719595466 37.549999150168624
126.769922207430852 37.550175005253848
126.76984064270863 37.550648990019951
126.770267721385579 37.551086526828144
126.770159608185253 37.551169378311378
126.769789127688412 37.551066723369097
126.769389088768435 37.551317366471693
126.769320582732334 37.5515720490924
126.768769504952402 37.551489029197853
126.768559279452063 37.551597292304855
126.76807910462837 37.551571287500401
126.768049062553871 37.551794790179592
126.767465053721978 37.551950739619976
126.767713924847726 37.55283307435073
126.767370123652086 37.553131972614999
126.767625274041777 37.553530327006044
126.767287582900394 37.553683943371468
126.767641454780374 37.553954662557246
126.767552348379752 37.554174668915955
126.767406854504785 37.554222519644171
126.766727262665654 37.554064913149531
126.766365351472032 37.553763486729991
126.766204357429814 37.55424237567194
126.766400262108561 37.554643706456922
126.766336589733342 37.554870799917751
126.766048681569828 37.554993551981816
126.764784084551593 37.55507464440344
126.764494861447233 37.555275092496807
126.764559220861955 37.555443878311927
126.766009014686645 37.556133782508198
126.766724615365931 37.556315684601415
126.766751795595454 37.556504099772837
126.766284356869363 37.556917064303477
126.766619107940812 37.556974322545663
126.767350373000269 37.556619325632184
126.768735610367429 37.556816614366433
126.768994859210935 37.557096441633298
126.769867303726514 37.557230484571697
126.771192181829136 37.557165501574573
126.771994039639139 37.55696546778276
126.772431031551321 37.557012770784787
126.773184188930102 37.557527513485653
126.771771412799666 37.558631862320169
126.772446133377784 37.558722703967113
126.772742361058903 37.559408596485405
126.773192265689929 37.559286428952291
126.773590986275423 37.56005725434207
126.774186991285873 37.559695477258416
126.774289018524939 37.559755932023855
126.774165244226126 37.560159163872257
126.774448404013015 37.560436194483437
126.774808581373875 37.560456879813785
126.774663165578872 37.56070381282705
126.77493314637664 37.560901981088563
126.774947224746654 37.56104025721838
126.774679340134796 37.561319328306467
126.775459414708209 37.561433167896531
126.775534798144292 37.561828340763931
126.775758523327013 37.561941392707212
126.775886367914367 37.561770448921685
126.776108909622764 37.561863504948207
126.777181606733421 37.560703274564887
126.777348112475607 37.560315886925991
126.777842120585177 37.559933055910804
126.777930021138587 37.560286581277587
126.777573926848561 37.561503645621315
126.777509526948165 37.562282318039891
126.776948718810232 37.562229725883725
126.776632255691624 37.562374128259123
126.77674301900818 37.563239844766102
126.776969966563513 37.563695834223545
126.777101640435333 37.563719456800058
126.776106949886369 37.564806070447702
126.775942856905601 37.565205849317323
126.775751419249531 37.565350200089078
126.775342900475479 37.565343508883025
126.775575428155634 37.56559200347337
126.775437988630685 37.565774479746182
126.775132062527277 37.56587948046829
126.774989219166585 37.566911673201624
126.774752441064592 37.567309626838338
126.774762190505584 37.56770833058539
126.775530579562457 37.568261090856197
126.775559569659393 37.567739988766114
126.77540166364065 37.567318475553733
126.77633351556662 37.567091911062413
126.77649550829203 37.566799677607385
126.776571165649287 37.566106629863434
126.776722552506882 37.566051166066373
126.776964007640018 37.566208739319762
126.777196729775198 37.566629266195264
126.777808457370512 37.566993911544614
126.778668343390265 37.567174049975804
126.779003362535008 37.567154689761487
126.779017852856043 37.567991787399059
126.779170589333631 37.568316718682645
126.780239817844318 37.567445049356536
126.780318345070498 37.567504040800557
126.780542514959308 37.567891605495561
126.780474316575834 37.56828706442446
126.780933612127797 37.568713639673092
126.781360642885645 37.568925041836621
126.78162583046587 37.568901606114885
126.781898276747739 37.569236037450608
126.781803743448549 37.56938846972961
126.781124125948708 37.569601467272001
126.780996089652319 37.56989742586277
126.780484718730904 37.570274885980325
126.78052094938333 37.570463881001714
126.781487298472157 37.570181596095864
126.782393737610448 37.570301257259487
126.78263019402408 37.57054749359601
126.781920358576357 37.571114353788595
126.78137491045743 37.571349568320777
126.781899575890009 37.571808354539463
126.782181468227009 37.572666229385128
126.782139840292345 37.573169010863438
126.782408291300413 37.573606208823186
126.783994365805015 37.574198161060089
126.785249151538736 37.574861843394906
126.787614235513175 37.575583561465812
126.788045746389756 37.576168857410785
126.788337402662307 37.576050282331288
126.78859527693109 37.575745538901288
126.789202091589544 37.575581077159377
126.788470233312239 37.576798349408762
126.789342826407506 37.577723421762308
126.789955099566498 37.577631611550409
126.790016395884663 37.577349595087142
126.790594815294611 37.577783671728852
126.790817708687015 37.578972242832059
126.790685804739709 37.579014246178168
126.790821403188957 37.579541563885229
126.790727817720835 37.580612432958084
126.790818135686706 37.580765481599677
126.791260284811912 37.580920563970459
126.791348934252596 37.581413732898703
126.791600919717425 37.581317603597888
126.792373970375976 37.579727611928476
126.79273704808169 37.576838912060225
126.793219258944077 37.576893823550428
126.79315384987342 37.577957997678929
126.793254483276641 37.578533678408562
126.793066865400178 37.578639213507927
126.792846451064136 37.580168245797964
126.793310210021261 37.5802470547534
126.793822338040584 37.581827779398708
126.793912240824085 37.582961483078236
126.793731766950657 37.583038595819133
126.793749530742858 37.583458144177335
126.793441065188759 37.584519645859629
126.793783333965436 37.584469279823701
126.79422456529403 37.584071647918307
126.794540901970961 37.583547948421831
126.79440936861161 37.582685304518726
126.794500712676665 37.582598465885702
126.794697887724027 37.582622183131711
126.794928286385527 37.583426147213927
126.794933100241295 37.585203066279405
126.795244244561232 37.585215441329815
126.795217514417843 37.585349973803972
126.795540362681649 37.585154573198828
126.795721797199917 37.583120639153577
126.79629980511983 37.583738251685112
126.797097391065293 37.584273189860461
126.796294307596099 37.584903332916646
126.796428923343484 37.58503083077467
126.796685243053048 37.584908516502978
126.797227562051177 37.585385562641953
126.797525962087107 37.585976791468148
126.797598567539055 37.586405442862137
126.798768159169981 37.588072872506508
126.799140044731047 37.588195142605777
126.800272244618398 37.587941424426432
126.800498019522806 37.587793993845622
126.800738153309723 37.587834947546277
126.800940349640584 37.588166122534332
126.800821702738148 37.588276570584206
126.800999177233635 37.588529706958745
126.800881757003097 37.588575403572278
126.80077364690564 37.589041478375336
126.801098660340003 37.58896714134525
126.801227310804165 37.589348863181549
126.800520276385157 37.590308902371028
126.800087075833204 37.590351527586698
126.799449651959904 37.591134853116742
126.798801273851367 37.591322668143349
126.799052150172088 37.592300665116348
126.798992715183317 37.592426133201855
126.79961153018651 37.59244296060686
126.80004982230291 37.592028410396907
126.800287212058564 37.59204177123285
126.800406869040202 37.592413351595859
126.800501516730336 37.592413225459843
126.798659749760816 37.59366751218986
126.7976081738218 37.594882307669685
126.797453239843975 37.595251161566431
126.797082492264792 37.59773892664105
126.797483969463713 37.597669505786605
126.797536194595793 37.597785598812429
126.797642345152525 37.599282826993104
126.798052965182748 37.600208158581609
126.798173998045357 37.600336478424673
126.798535096534138 37.6000865185596
126.798770670741845 37.600387058598656
126.798672623553372 37.600458409409221
126.799035772985818 37.600760583319889
126.799218466877676 37.601119315832221
126.799928881490132 37.601444037582603
126.800015809546053 37.601623534304245
126.799785895931393 37.601912024793513
126.799940962218926 37.602544661133308
126.802581394380383 37.605032751274408
126.805863857938789 37.602580252267565
126.808239680508919 37.601208196950985
126.811368917577667 37.598960823901677
126.813953231576136 37.59761940526252
126.81655626462468 37.59568160774937
126.817525985684938 37.595330333426617
126.819302528975186 37.592849755398447
126.827811761495894 37.587484837282254
126.831759649160603 37.585843185085871
126.837149145713141 37.58256334256879
126.838097938255743 37.581792913782166
126.842333703706842 37.57928297787074
126.843240225223624 37.578879040723592
126.848381277951091 37.575157145803409
126.852347156624361 37.572722234569888
126.853631853482355 37.571790491250546
126.853628585373571 37.573799120190003
126.859285763741312 37.574915690479287
126.859294167865585 37.575240903624419
126.864941184362266 37.57747243993925
126.868379370079822 37.577521137610645
126.870600529595151 37.57800846920329
126.87391524889334 37.578280700542635
126.876260558745713 37.578185229510879
126.876259256302745 37.578962895906521
126.877076568768373 37.578902943943561
126.877631665966561 37.579748481435338
126.877367492658522 37.580115356160107
126.877476894982451 37.580383793740168
126.877417916805598 37.580639953802752
126.876625450341052 37.58137595383797
126.877049674124649 37.582206154106892
126.877098412839601 37.582892919128128
126.876987737466976 37.583388064969526
126.877331245447493 37.584047840948188
126.877164987674206 37.584238276838704
126.876623440816815 37.584164500800789
126.876537898346257 37.584440336880505
126.877193377356562 37.58493601337176
126.877265730057204 37.585571841363958
126.877542343755408 37.586247872136944
126.878465229463202 37.586369343464085
126.879133093910809 37.586772381154034
126.879437349203457 37.587874718547589
126.880349139096978 37.589506159737162
126.881986402290508 37.590540015694181
126.881886818711223 37.590639582272523
126.882323025603355 37.591126554086308
126.883575147352857 37.591852545265333
126.885003989370873 37.593639038975034
126.885409992448302 37.593882705388005
126.886365446670325 37.59395403500119
126.886845672476028 37.593804992064513
126.88733768601297 37.593919778193879
126.88671518211261 37.593173330006948
126.886563401887372 37.592706924003856
126.886144146049247 37.592100044884688
126.885611805074504 37.59152345190158
126.885467037365231 37.591104919990286
126.885714117053325 37.590807270023149
126.885775955896023 37.59051816804201
126.885880876674008 37.589936857660916
126.885754073734901 37.589565644620606
126.886557530807181 37.589162103951182
126.887159279744083 37.588532846293852
126.888343652450132 37.588795273091947
126.889253451464199 37.588827675279681
126.88957886336182 37.589132066677337
126.890936614060806 37.588566573077046
126.891444136054432 37.588465408591794
126.892235725557597 37.588522175805394
126.893327884049157 37.589067430500855
126.893840575432165 37.589071277618174
126.89426747111095 37.588820237973991
126.895231217497098 37.588864465563283
126.896414213716923 37.588738259927766
126.896859034114286 37.588566621998183
126.897962408571203 37.589090453600086
126.898082088120645 37.589538797439168
126.899643838134352 37.589816921367827
126.899750353120496 37.589938087760601
126.899575448157037 37.59067307706308
126.899696409168271 37.591362155646117
126.898961629832925 37.592678370684823
126.899299471085328 37.592868149537608
126.899413911537465 37.593141922999088
126.899778211303641 37.593386629560797
126.900355098460651 37.594211237094022
126.901829757509503 37.595141350818693
126.901628152202505 37.596000493463904
126.901210549894941 37.596301690704713
126.901011880492334 37.597337094426337
126.901253506843886 37.597908855867601
126.90117136960761 37.598207515996847
126.901322687214034 37.59936653434994
126.901016793681777 37.599873077857396
126.901012490705895 37.600175469330175
126.900293217163338 37.60123266354497
126.899982302061417 37.602040181854072
126.900204539436132 37.60256772740707
126.900152654534907 37.603116443796296
126.900770910578714 37.603369806617501
126.901306838049663 37.603398986327726
126.902108473520144 37.60374175900332
126.902029914298097 37.604269045913561
126.901505407750349 37.6053565389943
126.90174338369259 37.605765281916334
126.901413862183006 37.606190707778296
126.900775750074516 37.608439250351758
126.900601148164199 37.609319522077207
126.900705260716961 37.610318853330128
126.900304321569749 37.611191345571825
126.900961950103763 37.612350226623825
126.900913491535604 37.612724660877006
126.901734240737227 37.614069224139023
126.901728866332007 37.614776199765068
126.901917094017975 37.615092549596795
126.901822600920028 37.615753565370881
126.902149011951494 37.616369606419369
126.902473189915568 37.616665509035485
126.902478360792756 37.616899208713505
126.90312556986747 37.617304345106007
126.903051607341965 37.618093766691082
126.903340160403914 37.618306017900508
126.903361230839508 37.618839307780263
126.904274285366583 37.618831332775713
126.905231090004335 37.61907454301577
126.905189256820421 37.619813870985745
126.905557579106244 37.620623080541485
126.906278220391016 37.62135205292028
126.907117467175539 37.621941463137304
126.907142807670326 37.623312656849059
126.906999538620937 37.623936749787575
126.906627147677156 37.62449562548786
126.907439856929301 37.625094023153174
126.908610824979434 37.626265655807892
126.908903170046074 37.627458555754224
126.90880184312266 37.629087841568513
126.908382095187036 37.629994120394478
126.908118272338768 37.630060638822222
126.907294155221294 37.630867207004279
126.906929397248533 37.631804490673176
126.90675739906365 37.632736306432967
126.906202193668264 37.633220134762446
126.907096247513294 37.633397950181724
126.909122457217535 37.634332912521856
126.909806593934405 37.634941886865406
126.910854458454395 37.635316600436205
126.911210371405161 37.635905581967506
126.910092002776821 37.638509418347617
126.91089206754458 37.640284294087266
126.912279860443306 37.644315358265473
126.910140789061089 37.645076765569236
126.907705175631378 37.646289784178627
126.907291561548419 37.646944554065428
126.904802023693449 37.649201015742982
126.90609415358638 37.648630127967635
126.908413665151841 37.647256589199671
126.908635410046841 37.647416199829074
126.909727264884054 37.646877910920502
126.910435895212871 37.646278706863974
126.911945589780728 37.645365579900769
126.91232774587985 37.645177329735134
126.913398609950633 37.644996498233454
126.913720824533371 37.644755656185353
126.915189328825619 37.64511629270303
126.917341504253599 37.645257777527483
126.922862329635464 37.645877629724282
126.924122909183765 37.646106302076248
126.927134006172238 37.64810300890835
126.927992076901518 37.648887773611101
126.929699373111191 37.650048156826863
126.930862931059991 37.650301420880965
126.931431070698608 37.650331320982161
126.931900565385448 37.650230652546078
126.932221399579078 37.650386692812596
126.935267061820539 37.651060507425548
126.936136762511723 37.651485865619676
126.937163318623931 37.652315704868954
126.938809817873334 37.655275628424015
126.939666232029211 37.656241059862417
126.940335211631734 37.656767848173608
126.942099955981348 37.65772216104547
126.943338296196771 37.658058580172984
126.94412322855375 37.658115843982849
126.945022611278105 37.658325186280614
126.947564851530686 37.65921538614063
126.948001906091022 37.658572370544576
126.947915446899131 37.658259135489395
126.94803834189031 37.657892439376553
126.947757843878435 37.657280847741774
126.947882433197151 37.657125812023082
126.948832817123048 37.656974362518092
126.94920308433079 37.65677040248292
126.949791161691763 37.655911761963743
126.950772706802027 37.655486424202749
126.951376054028671 37.654949683438431
126.951860001883944 37.65486492581352
126.953210496424845 37.654933078674958
126.953945505506312 37.655296578445423
126.954194124102912 37.655211275084149
126.9540372384986 37.654981976799348
126.954351545047928 37.654595313478019
126.955235921061657 37.654313929261875
126.955534855927581 37.653778145605216
126.956532463649566 37.65317042713469
126.956412355959557 37.653170047020673
126.957108104362646 37.652837230571585
126.957460147170082 37.651871903758639
126.95768498525527 37.650710297045272
126.957789460658944 37.649808639677943
126.957562261191001 37.649042455299032
126.957854689578355 37.648445532269783
126.957839160879729 37.648047691325928
126.958377342536934 37.647650297848273
126.959027013960963 37.646783380001757
126.958919918546542 37.646136603146104
126.959145884631127 37.645749876452079
126.958906540083944 37.644760365146489
126.959122231376213 37.644346273974662
126.95901970582004 37.643879044298515
126.959365334438374 37.643199652517453
126.959267781881209 37.642132735341043
126.959971239942092 37.641461703132599
126.960131620891829 37.640538437484736
126.96051025669658 37.639830898022915
126.960861869695378 37.638755477015714
126.961602957254144 37.637989178503688
126.961604340142173 37.637117357367863
126.962540779262639 37.635818856529689
126.963328788849893 37.633245138342687
126.961619136595175 37.631887942874613
126.959822438833129 37.629761155719166
126.958759439269926 37.629588381226334
126.958418418434988 37.629469752683221
126.961439669506376 37.629959317979058
126.963767221991745 37.629793116543915
126.964331416758824 37.630360066029596
126.965228476703771 37.630768045641538
126.968235549363783 37.630730074948943
126.969388829621238 37.631015896140198
126.970582747542636 37.631484993888641
126.971327558459393 37.631618657684882
126.973029772167379 37.632374767698714
126.973672113066968 37.632031142888813
126.974453458324675 37.63198008789589
126.975369075486697 37.631698170424968
126.976224219065571 37.63223161897357
126.977006021290435 37.632968901319913
126.977331710286094 37.633583038908242
126.977804764745855 37.633910586270225
126.979652393444312 37.634206581790352
126.980606885800796 37.634815752488819
126.981415678450617 37.634829687907576
126.981513604855465 37.634721027630036
126.982160642662933 37.63528143650354
126.982515970425283 37.635786033052511
126.982787872128029 37.635809446812253
126.983586803105666 37.636412100826284
126.983959435631888 37.636438060307491
126.984214725501673 37.636330827024558
126.985905130047641 37.63579288913521
126.984198952918121 37.636337454828201
126.984744658631385 37.636648219155006
126.984855968970734 37.63681462670452
126.985084580701212 37.63731442224514
126.984960207611962 37.637807132117707
126.985233832775009 37.638065921192414
126.985192529179699 37.638302981521718
126.985394102900372 37.638590195232489
126.985533720349608 37.639701235947996
126.985676508516178 37.640044465194293
126.98613281521564 37.640428009014165
126.985657414405551 37.640740188040056
126.985268159434384 37.641350266514046
126.985329730484921 37.641547642898992
126.98522437389046 37.641636042698032
126.984956371239036 37.64146425187549
126.98425704693183 37.641644913810701
126.983830975786759 37.642148840307399
126.983874602568463 37.642560188477233
126.98324743609875 37.643683502704029
126.984190185217884 37.644428075501772
126.984193680956906 37.644603488609484
126.984643209808397 37.645337560779993
126.984820598865255 37.645368840339373
126.98485826740955 37.645595784338866
126.985718245579605 37.646092844048994
126.985100561737354 37.645929458048599
126.984929150745572 37.646066833980349
126.984603216317709 37.647612519503618
126.983980930623432 37.648182016854008
126.983883982357895 37.648600677017171
126.984019792074974 37.649317531112125
126.983937207289685 37.649610056791978
126.982495565513616 37.650540369847725
126.982298495304633 37.651254081486023
126.981873789998701 37.651688444620468
126.98167673389905 37.652316291290305
126.981048066022595 37.652712614570198
126.979944355730652 37.654815057543139
126.979658389458777 37.656038647658548
126.981193636538066 37.656487715598409
126.982857064546749 37.656449699011446
126.983010267246854 37.657003541852546
126.983741847047099 37.657329411000035
126.984335484074421 37.657733811087752
126.984617094158253 37.658228541525304
126.986020798761146 37.658943322852274
126.986544304371861 37.659485103173246
126.987277021150035 37.660600149194593
126.987365544881129 37.66161825934833
126.987751033595302 37.662732413088555
126.987802227093127 37.663593696182943
126.988268533827892 37.66439111184809
126.989453420293771 37.664530041845175
126.989997448782972 37.66449941015108
126.991238779629725 37.664993654022091
126.99222479572407 37.665231646897247
126.992749314500585 37.665532666482385
126.993123275512971 37.666056383371831
126.994017526027704 37.66678313324627
126.994129424653011 37.667030071222122
126.993560867049467 37.667804022978018
126.993830673488645 37.668622800984387
126.99435763281376 37.669566882557689
126.994350875896018 37.66981099158739
126.993802705375657 37.670197247656283
126.994074131007622 37.672761090498611
126.993543711219147 37.674102945529448
126.993796089540552 37.674226287422137
126.993981634353389 37.674907092841543
126.993809971220415 37.67525227109094
126.993125359994053 37.675831936323462
126.993072495317904 37.676582559272475
126.993266923580919 37.677001523851722
126.993120067225504 37.677225341912468
126.993247546128231 37.677660637558169
126.992924694102868 37.678821740522366
126.992433488112283 37.679148306655392
126.992197856418358 37.679626928267304
126.994076027743176 37.680324189351346
126.994155890125654 37.680568860917489
126.994732557345046 37.681244065989063
126.995503587910477 37.681506236205827
126.99585320936589 37.681869452645678
126.99673776581065 37.682389234874371
126.996971044820924 37.682645740967175
126.997026805124008 37.683114248344701
126.99731144617904 37.683466205446926
126.997621255614916 37.68345213302694
126.997753921735082 37.683586446318486
126.999432627278154 37.683906889208487
127.00051103236288 37.683973909404855
127.001038721889131 37.684272080725577
127.001687037355907 37.68434415896558
127.001884908660756 37.684080344799774
127.001900845811861 37.683722768356176
127.002240063070559 37.683593260751323
127.002743303220001 37.683953923653867
127.003238049476792 37.683948567119494
127.003583828607802 37.684238843676518
127.003777104783765 37.684824472358706
127.004526765457015 37.685088825691516
127.005529718905819 37.684865247563238
127.006051046027991 37.685053865171312
127.007067445980823 37.68476467413052
127.007662435611181 37.684468161105244
127.008663792446001 37.684449526786793
127.008440152038929 37.685431597835866
127.00858861872922 37.687440753617246
127.008327425324467 37.688506723660062
127.008293027174048 37.690114957236815
127.007621041747157 37.691618493908869
127.009711658500748 37.69336342707696
127.009666489337278 37.696699836085209
127.012124596351441 37.697377618767206
127.013878625885297 37.698800690638663
127.014961442430959 37.70042823413651
127.015415384283443 37.701455284879643
127.019827359101782 37.701017424716902
127.02214837733068 37.699720772975077
127.023388869159845 37.700070800755746
127.025315489079702 37.699580526951443
127.026898070494255 37.700251139287154
127.027022201059339 37.701115482482273
127.027687622654099 37.700937386819078
127.028313308152903 37.700160449897751
127.028991343043856 37.699658282710288
127.029285853504959 37.699291628862305
127.029601690176278 37.698175200085849
127.029729586851403 37.696272441044172
127.0304543241635 37.694775811730388
127.03082735047974 37.693689772131343
127.030972755992281 37.693556843906855
127.03102640955295 37.693074532508334
127.031540608164235 37.692828321248307
127.032026426007107 37.692950384925993
127.03216986620825 37.692815212230173
127.032414295130224 37.691839001579481
127.033961993157831 37.691997941181114
127.034259363325177 37.692225073934942
127.035625533552661 37.69249159868329
127.035776590855406 37.692374150282276
127.036763125824578 37.692639925383595
127.037002605175132 37.692945903039913
127.037528022568296 37.693220818913787
127.038498169668742 37.693285839567366
127.038950094745132 37.693981973871281
127.039913548347926 37.694081338624308
127.039997477540865 37.694684392754574
127.041108786148115 37.695299782116656
127.041812880669326 37.695382316616886
127.042021589808712 37.695071420554612
127.042330369320908 37.69505385232371
127.043072784660254 37.69523096737435
127.043398116633014 37.694401681304754
127.043355060601229 37.694072563370327
127.043037519419372 37.693622191742499
127.043750162692291 37.693506218689869
127.044065816063309 37.693126292686181
127.044817390755767 37.69293625579504
127.044904599568838 37.692405490992826
127.045650054826538 37.692370302165706
127.046755189335869 37.692717323350422
127.047078316878768 37.693002410091431
127.047273914845093 37.693007965457809
127.047526727249974 37.693313628645882
127.04781512120411 37.693289865231066
127.048211313177774 37.69394517254451
127.048631959484169 37.694062969898816
127.048920117282577 37.692811353747061
127.04936600532001 37.691689747237589
127.049966029534502 37.690870187584174
127.05001285627641 37.690419116844467
127.049751302218255 37.689207139365713
127.04982029787233 37.687977008797333
127.050920946162734 37.686158557721363
127.051803590236815 37.685813563477893
127.051804434696905 37.6870667596354
127.052227338946523 37.687420775338509
127.054690400898892 37.688718213958602
127.055178795793637 37.689204796468808
127.056177734467383 37.689204336356909
127.057190825862534 37.689632669753557
127.058390339122496 37.689685868470391
127.059660133948896 37.690331982596483
127.060616252176004 37.691273868057273
127.061209191973035 37.692169745331455
127.062209051882036 37.692805265391094
127.06236779408917 37.693024235802113
127.062394785235952 37.693546494743913
127.062732141662096 37.694675910856425
127.063386433046347 37.694921930397548
127.064584976397015 37.694553871252829
127.06532568673164 37.69476322664142
127.066308137977686 37.694441721451859
127.067827406354724 37.694773108370576
127.068548296342286 37.694000400490623
127.069027922358842 37.693868081458355
127.069151244512781 37.693689501038762
127.069557379207282 37.693789501231997
127.069822950320699 37.693981090948817
127.07087909795942 37.693700048376641
127.072657874700525 37.693799500037954
127.073398508702141 37.694100875665484
127.073930348012979 37.694644231116357
127.074907081260676 37.695219679097022
127.078196552909574 37.695986509230856
127.081105044393595 37.696137468521478
127.083843563196936 37.694268890533834
127.083905293022696 37.691782451280361
127.085177476662821 37.690389846538274
127.086530905135319 37.689912203530291
127.088453859783939 37.689902639067093
127.090552161873532 37.689570247713142
127.092384521015177 37.689933183815384
127.093036996422796 37.689966464597489
127.094289663042687 37.689131810557619
127.09509741806491 37.68938484884648
127.095996235014539 37.689071046530984
127.095585098880562 37.688395089519709
127.096081024023093 37.687907042995377
127.096295496331976 37.687169760999161
127.096423389344096 37.685637441797702
127.096045523478224 37.685196557009725
127.095810111411524 37.684640396043939
127.09428785322163 37.683418537570674
127.094149093476901 37.683080494916055
127.092919327794291 37.681551496957091
127.092795083241768 37.680045278839067
127.092531053443153 37.679517298171909
127.092174477270007 37.679209549062911
127.09194683889497 37.679190298755074
127.091941813048322 37.678692516343496
127.092189865219069 37.678030111892056
127.09247987372558 37.677643028698803
127.092614631476366 37.67747456075751
127.092968182083254 37.677345331777701
127.093530320588272 37.676738711195782
127.093854000762818 37.676659344388376
127.093963050403644 37.675617231791108
127.094614902030074 37.673536312251692
127.095147194574579 37.672891417206088
127.095751043364061 37.6726730184986
127.096019207843483 37.671850378604091
127.095720681184616 37.671347766619022
127.095748981170033 37.670619641355167
127.096013243686329 37.670079414143558
127.096447532130796 37.669689106758263
127.096237634973676 37.668829414038882
127.094979569629956 37.667600031431945
127.094580906958285 37.666172304126484
127.094680283032304 37.664921279535712
127.095410911822256 37.663889644324463
127.09414239294162 37.663298825075614
127.093257094602777 37.661974238533638
127.092173851059556 37.660792547560661
127.091207187208582 37.659334556129743
127.091132561453577 37.658243027880012
127.091891596002156 37.657434951246643
127.09235192145691 37.65549186350902
127.093066597413781 37.653782558420183
127.093916012467432 37.65296172948576
127.094041037232486 37.652540146372203
127.093367116297273 37.651227222962177
127.093266148992569 37.650617727026251
127.092466161229723 37.649709766872441
127.092715893598154 37.649346373600579
127.092694774960918 37.648579993921203
127.092917235461258 37.648361055113583
127.093069034394063 37.647837533533142
127.093834319945472 37.647321966242082
127.093632683792876 37.646625840679022
127.094049707635818 37.646111399332341
127.094474813805604 37.645849773287104
127.094538123223444 37.645505668440258
127.094381638806368 37.644955916339264
127.094570247019419 37.644570600349617
127.097559185189652 37.6439648303731
127.098908338833709 37.64403439736094
127.09977286699953 37.644464176596372
127.10159291794659 37.64477235765191
127.102800412198079 37.645204920625403
127.102882657376966 37.645408975787099
127.103920963900563 37.645492834775382
127.106576659331026 37.645377309350707
127.107692516403233 37.644966645322285
127.109288894241047 37.642858886716759
127.109898603597841 37.642487522388706
127.110751573727299 37.64273028010718
127.111154977106352 37.642563503201124
127.111424075339073 37.642086861949416
127.111345673220356 37.641497363903916
127.111615282038429 37.641247370808934
127.111712694789063 37.640798474468887
127.112223522884094 37.640375674340476
127.111991594788194 37.64000874247013
127.111701979625309 37.639896670772643
127.11113571719163 37.639943932154949
127.110566600516279 37.639363609154316
127.110849752101231 37.638408861656195